-2.368	-0.012
-2.364	-0.0116
-2.36	-0.0116
-2.356	-0.0116
-2.352	-0.0116
-2.348	-0.0116
-2.344	-0.012
-2.34	-0.0116
-2.336	-0.0116
-2.332	-0.0116
-2.328	-0.0116
-2.324	-0.0116
-2.32	-0.0116
-2.316	-0.0116
-2.312	-0.012
-2.308	-0.012
-2.304	-0.012
-2.3	-0.0116
-2.296	-0.012
-2.292	-0.0116
-2.288	-0.012
-2.284	-0.012
-2.28	-0.012
-2.276	-0.0116
-2.272	-0.0116
-2.268	-0.012
-2.264	-0.012
-2.26	-0.0116
-2.256	-0.0116
-2.252	-0.0116
-2.248	-0.0116
-2.244	-0.0116
-2.24	-0.012
-2.236	-0.0112
-2.232	-0.0116
-2.228	-0.0116
-2.224	-0.012
-2.22	-0.0112
-2.216	-0.0116
-2.212	-0.0116
-2.208	-0.0116
-2.204	-0.012
-2.2	-0.0112
-2.196	-0.0116
-2.192	-0.0116
-2.188	-0.0116
-2.184	-0.0116
-2.18	-0.0116
-2.176	-0.0112
-2.172	-0.0116
-2.168	-0.0116
-2.164	-0.012
-2.16	-0.012
-2.156	-0.0116
-2.152	-0.0112
-2.148	-0.0116
-2.144	-0.0116
-2.14	-0.0116
-2.136	-0.012
-2.132	-0.0116
-2.128	-0.012
-2.124	-0.0116
-2.12	-0.0116
-2.116	-0.0116
-2.112	-0.012
-2.108	-0.012
-2.104	-0.012
-2.1	-0.0116
-2.096	-0.0116
-2.092	-0.012
-2.088	-0.0116
-2.084	-0.012
-2.08	-0.012
-2.076	-0.012
-2.072	-0.0116
-2.068	-0.0116
-2.064	-0.0116
-2.06	-0.0116
-2.056	-0.0116
-2.052	-0.0116
-2.048	-0.0116
-2.044	-0.0112
-2.04	-0.0116
-2.036	-0.0112
-2.032	-0.0116
-2.028	-0.0116
-2.024	-0.012
-2.02	-0.012
-2.016	-0.012
-2.012	-0.0116
-2.008	-0.0116
-2.004	-0.012
-2.	-0.0112
-1.996	-0.0112
-1.992	-0.0112
-1.988	-0.012
-1.984	-0.0112
-1.98	-0.012
-1.976	-0.0112
-1.972	-0.012
-1.968	-0.012
-1.964	-0.0116
-1.96	-0.0116
-1.956	-0.0116
-1.952	-0.0112
-1.948	-0.0116
-1.944	-0.012
-1.94	-0.0116
-1.936	-0.0116
-1.932	-0.0116
-1.928	-0.0116
-1.924	-0.012
-1.92	-0.012
-1.916	-0.0116
-1.912	-0.0116
-1.908	-0.0124
-1.904	-0.0116
-1.9	-0.012
-1.896	-0.012
-1.892	-0.012
-1.888	-0.012
-1.884	-0.0116
-1.88	-0.0116
-1.876	-0.0116
-1.872	-0.0116
-1.868	-0.012
-1.864	-0.0116
-1.86	-0.012
-1.856	-0.0116
-1.852	-0.0116
-1.848	-0.0124
-1.844	-0.012
-1.84	-0.012
-1.836	-0.0116
-1.832	-0.0116
-1.828	-0.0116
-1.824	-0.0116
-1.82	-0.0112
-1.816	-0.0116
-1.812	-0.012
-1.808	-0.012
-1.804	-0.012
-1.8	-0.0116
-1.796	-0.0116
-1.792	-0.0116
-1.788	-0.0116
-1.784	-0.012
-1.78	-0.0116
-1.776	-0.0116
-1.772	-0.0116
-1.768	-0.012
-1.764	-0.012
-1.76	-0.0116
-1.756	-0.0116
-1.752	-0.0116
-1.748	-0.012
-1.744	-0.012
-1.74	-0.012
-1.736	-0.0116
-1.732	-0.012
-1.728	-0.0116
-1.724	-0.012
-1.72	-0.0116
-1.716	-0.012
-1.712	-0.0116
-1.708	-0.012
-1.704	-0.0116
-1.7	-0.0116
-1.696	-0.012
-1.692	-0.012
-1.688	-0.0124
-1.684	-0.0116
-1.68	-0.0112
-1.676	-0.012
-1.672	-0.012
-1.668	-0.012
-1.664	-0.0116
-1.66	-0.0116
-1.656	-0.012
-1.652	-0.0116
-1.648	-0.012
-1.644	-0.0116
-1.64	-0.012
-1.636	-0.0116
-1.632	-0.012
-1.628	-0.0116
-1.624	-0.0112
-1.62	-0.0116
-1.616	-0.0116
-1.612	-0.0116
-1.608	-0.0116
-1.604	-0.0116
-1.6	-0.0116
-1.596	-0.0116
-1.592	-0.0112
-1.588	-0.012
-1.584	-0.0116
-1.58	-0.0112
-1.576	-0.0116
-1.572	-0.0116
-1.568	-0.012
-1.564	-0.0112
-1.56	-0.0116
-1.556	-0.0116
-1.552	-0.0116
-1.548	-0.0116
-1.544	-0.0116
-1.54	-0.0116
-1.536	-0.0112
-1.532	-0.0116
-1.528	-0.0116
-1.524	-0.012
-1.52	-0.0116
-1.516	-0.012
-1.512	-0.0116
-1.508	-0.012
-1.504	-0.0116
-1.5	-0.0116
-1.496	-0.0116
-1.492	-0.0116
-1.488	-0.0116
-1.484	-0.0116
-1.48	-0.0116
-1.476	-0.0116
-1.472	-0.0116
-1.468	-0.012
-1.464	-0.012
-1.46	-0.0116
-1.456	-0.0116
-1.452	-0.0116
-1.448	-0.012
-1.444	-0.0116
-1.44	-0.0116
-1.436	-0.0116
-1.432	-0.0116
-1.428	-0.0116
-1.424	-0.012
-1.42	-0.0112
-1.416	-0.0112
-1.412	-0.0116
-1.408	-0.0116
-1.404	-0.0116
-1.4	-0.012
-1.396	-0.0116
-1.392	-0.0112
-1.388	-0.0116
-1.384	-0.0116
-1.38	-0.0116
-1.376	-0.0112
-1.372	-0.0112
-1.368	-0.0116
-1.364	-0.0116
-1.36	-0.0116
-1.356	-0.0112
-1.352	-0.0116
-1.348	-0.0116
-1.344	-0.0116
-1.34	-0.0116
-1.336	-0.0112
-1.332	-0.0116
-1.328	-0.0112
-1.324	-0.0116
-1.32	-0.0116
-1.316	-0.0116
-1.312	-0.0112
-1.308	-0.012
-1.304	-0.0116
-1.3	-0.0116
-1.296	-0.0116
-1.292	-0.0116
-1.288	-0.0116
-1.284	-0.012
-1.28	-0.0116
-1.276	-0.0116
-1.272	-0.0112
-1.268	-0.0112
-1.264	-0.0112
-1.26	-0.012
-1.256	-0.0112
-1.252	-0.0116
-1.248	-0.0116
-1.244	-0.0112
-1.24	-0.0108
-1.236	-0.0112
-1.232	-0.012
-1.228	-0.0108
-1.224	-0.0116
-1.22	-0.0112
-1.216	-0.0116
-1.212	-0.0112
-1.208	-0.0108
-1.204	-0.0112
-1.2	-0.0112
-1.196	-0.0112
-1.192	-0.0112
-1.188	-0.0112
-1.184	-0.0112
-1.18	-0.0112
-1.176	-0.0112
-1.172	-0.0116
-1.168	-0.0112
-1.164	-0.0112
-1.16	-0.0112
-1.156	-0.0112
-1.152	-0.0116
-1.148	-0.0112
-1.144	-0.0112
-1.14	-0.0108
-1.136	-0.0116
-1.132	-0.0112
-1.128	-0.0116
-1.124	-0.0112
-1.12	-0.0112
-1.116	-0.0108
-1.112	-0.0112
-1.108	-0.0112
-1.104	-0.0116
-1.1	-0.0112
-1.096	-0.0108
-1.092	-0.0112
-1.088	-0.0116
-1.084	-0.0116
-1.08	-0.0108
-1.076	-0.0112
-1.072	-0.0112
-1.068	-0.0112
-1.064	-0.0112
-1.06	-0.0112
-1.056	-0.0116
-1.052	-0.0116
-1.048	-0.012
-1.044	-0.0116
-1.04	-0.0116
-1.036	-0.0116
-1.032	-0.0112
-1.028	-0.0112
-1.024	-0.0112
-1.02	-0.0112
-1.016	-0.0112
-1.012	-0.0112
-1.008	-0.0112
-1.004	-0.0116
-1.	-0.0112
-0.996	-0.0116
-0.992	-0.0112
-0.988	-0.0112
-0.984	-0.0112
-0.98	-0.0112
-0.976	-0.0108
-0.972	-0.0112
-0.968	-0.0116
-0.964	-0.0116
-0.96	-0.0116
-0.956	-0.0116
-0.952	-0.0112
-0.948	-0.0112
-0.944	-0.0116
-0.94	-0.0112
-0.936	-0.0108
-0.932	-0.0112
-0.928	-0.0116
-0.924	-0.0112
-0.92	-0.0112
-0.916	-0.0116
-0.912	-0.0112
-0.908	-0.0116
-0.904	-0.0112
-0.9	-0.0112
-0.896	-0.0112
-0.892	-0.0116
-0.888	-0.0116
-0.884	-0.0112
-0.88	-0.0112
-0.876	-0.0112
-0.872	-0.0112
-0.868	-0.0112
-0.864	-0.0116
-0.86	-0.0116
-0.856	-0.0112
-0.852	-0.0112
-0.848	-0.0112
-0.844	-0.0116
-0.84	-0.0116
-0.836	-0.0116
-0.832	-0.0116
-0.828	-0.0112
-0.824	-0.0108
-0.82	-0.0112
-0.816	-0.0112
-0.812	-0.0108
-0.808	-0.0116
-0.804	-0.0112
-0.8	-0.0108
-0.796	-0.0112
-0.792	-0.0116
-0.788	-0.0112
-0.784	-0.0116
-0.78	-0.0116
-0.776	-0.0112
-0.772	-0.0112
-0.768	-0.0116
-0.764	-0.0116
-0.76	-0.0112
-0.756	-0.0112
-0.752	-0.0116
-0.748	-0.0116
-0.744	-0.0116
-0.74	-0.0116
-0.736	-0.0116
-0.732	-0.0116
-0.728	-0.012
-0.724	-0.0112
-0.72	-0.0112
-0.716	-0.0116
-0.712	-0.0112
-0.708	-0.0112
-0.704	-0.0112
-0.7	-0.0116
-0.696	-0.0116
-0.692	-0.0116
-0.688	-0.0116
-0.684	-0.0108
-0.68	-0.0112
-0.676	-0.0112
-0.672	-0.0112
-0.668	-0.0116
-0.664	-0.0112
-0.66	-0.0108
-0.656	-0.0112
-0.652	-0.0112
-0.648	-0.0116
-0.644	-0.0112
-0.64	-0.0112
-0.636	-0.0116
-0.632	-0.0116
-0.628	-0.012
-0.624	-0.0116
-0.62	-0.0112
-0.616	-0.0112
-0.612	-0.0112
-0.608	-0.0116
-0.604	-0.0112
-0.6	-0.0112
-0.596	-0.0112
-0.592	-0.0112
-0.588	-0.0116
-0.584	-0.0112
-0.58	-0.0112
-0.576	-0.0112
-0.572	-0.0112
-0.568	-0.0116
-0.564	-0.0112
-0.56	-0.0116
-0.556	-0.0112
-0.552	-0.0116
-0.548	-0.0112
-0.544	-0.0108
-0.54	-0.0112
-0.536	-0.0112
-0.532	-0.0112
-0.528	-0.012
-0.524	-0.0112
-0.52	-0.0112
-0.516	-0.0112
-0.512	-0.0112
-0.508	-0.0112
-0.504	-0.0112
-0.5	-0.0112
-0.496	-0.0112
-0.492	-0.0108
-0.488	-0.0116
-0.484	-0.0116
-0.48	-0.0112
-0.476	-0.0108
-0.472	-0.0112
-0.468	-0.0116
-0.464	-0.0116
-0.46	-0.0116
-0.456	-0.0116
-0.452	-0.0112
-0.448	-0.0116
-0.444	-0.0112
-0.44	-0.0112
-0.436	-0.0108
-0.432	-0.0112
-0.428	-0.0112
-0.424	-0.0116
-0.42	-0.0112
-0.416	-0.0112
-0.412	-0.0112
-0.408	-0.0116
-0.404	-0.0112
-0.4	-0.0112
-0.396	-0.0112
-0.392	-0.0112
-0.388	-0.0112
-0.384	-0.012
-0.38	-0.0112
-0.376	-0.0112
-0.372	-0.0112
-0.368	-0.0116
-0.364	-0.0112
-0.36	-0.0112
-0.356	-0.0116
-0.352	-0.0112
-0.348	-0.0116
-0.344	-0.0112
-0.34	-0.0112
-0.336	-0.0112
-0.332	-0.0116
-0.328	-0.012
-0.324	-0.0116
-0.32	-0.0116
-0.316	-0.0116
-0.312	-0.0112
-0.308	-0.0116
-0.304	-0.0116
-0.3	-0.0112
-0.296	-0.0108
-0.292	-0.0112
-0.288	-0.0116
-0.284	-0.0116
-0.28	-0.0116
-0.276	-0.0112
-0.272	-0.0112
-0.268	-0.0116
-0.264	-0.0112
-0.26	-0.0116
-0.256	-0.0116
-0.252	-0.0116
-0.248	-0.012
-0.244	-0.0116
-0.24	-0.0112
-0.236	-0.0116
-0.232	-0.0116
-0.228	-0.012
-0.224	-0.0116
-0.22	-0.0116
-0.216	-0.0116
-0.212	-0.012
-0.208	-0.012
-0.204	-0.0116
-0.2	-0.0116
-0.196	-0.0116
-0.192	-0.012
-0.188	-0.0116
-0.184	-0.012
-0.18	-0.012
-0.176	-0.0116
-0.172	-0.0116
-0.168	-0.012
-0.164	-0.0116
-0.16	-0.0116
-0.156	-0.0116
-0.152	-0.0116
-0.148	-0.0124
-0.144	-0.012
-0.14	-0.012
-0.136	-0.012
-0.132	-0.012
-0.128	-0.0116
-0.124	-0.0116
-0.12	-0.012
-0.116	-0.012
-0.112	-0.0116
-0.108	-0.012
-0.104	-0.012
-0.1	-0.0124
-0.096	-0.012
-0.092	-0.012
-0.088	-0.012
-0.084	-0.012
-0.08	-0.012
-0.076	-0.012
-0.072	-0.012
-0.068	-0.0124
-0.064	-0.012
-0.06	-0.0124
-0.056	-0.0124
-0.052	-0.012
-0.048	-0.0124
-0.044	-0.012
-0.04	-0.0124
-0.036	-0.0124
-0.032	-0.0124
-0.028	-0.0124
-0.024	-0.0124
-0.02	-0.0124
-0.016	-0.012
-0.012	-0.0128
-0.008	-0.0128
-0.004	-0.0124
0.	-0.0128
0.004	-0.0124
0.008	-0.0128
0.012	-0.0124
0.016	-0.0124
0.02	-0.0128
0.024	-0.0128
0.028	-0.0128
0.032	-0.0128
0.036	-0.0128
0.04	-0.0128
0.044	-0.0124
0.048	-0.0124
0.052	-0.0128
0.056	-0.0128
0.06	-0.0128
0.064	-0.0128
0.068	-0.0128
0.072	-0.0128
0.076	-0.0128
0.08	-0.0128
0.084	-0.0124
0.088	-0.0124
0.092	-0.0132
0.096	-0.0132
0.1	-0.0132
0.104	-0.0128
0.108	-0.0128
0.112	-0.0128
0.116	-0.0128
0.12	-0.0132
0.124	-0.0128
0.128	-0.0132
0.132	-0.0128
0.136	-0.0132
0.14	-0.0128
0.144	-0.0132
0.148	-0.0132
0.152	-0.0132
0.156	-0.0132
0.16	-0.0132
0.164	-0.0132
0.168	-0.0132
0.172	-0.014
0.176	-0.0136
0.18	-0.014
0.184	-0.0132
0.188	-0.0136
0.192	-0.0132
0.196	-0.0136
0.2	-0.0132
0.204	-0.0136
0.208	-0.0136
0.212	-0.0136
0.216	-0.0136
0.22	-0.014
0.224	-0.014
0.228	-0.014
0.232	-0.0136
0.236	-0.014
0.24	-0.014
0.244	-0.0144
0.248	-0.0144
0.252	-0.014
0.256	-0.014
0.26	-0.014
0.264	-0.014
0.268	-0.0144
0.272	-0.0144
0.276	-0.0144
0.28	-0.0144
0.284	-0.014
0.288	-0.0144
0.292	-0.0148
0.296	-0.0148
0.3	-0.0148
0.304	-0.0148
0.308	-0.0148
0.312	-0.0148
0.316	-0.0152
0.32	-0.0148
0.324	-0.0148
0.328	-0.0148
0.332	-0.0152
0.336	-0.0152
0.34	-0.0152
0.344	-0.0152
0.348	-0.0148
0.352	-0.0156
0.356	-0.0152
0.36	-0.0152
0.364	-0.0156
0.368	-0.0156
0.372	-0.0156
0.376	-0.0156
0.38	-0.0156
0.384	-0.0156
0.388	-0.0156
0.392	-0.0156
0.396	-0.0156
0.4	-0.0156
0.404	-0.0156
0.408	-0.0156
0.412	-0.016
0.416	-0.016
0.42	-0.016
0.424	-0.0156
0.428	-0.0156
0.432	-0.0164
0.436	-0.016
0.44	-0.016
0.444	-0.0156
0.448	-0.016
0.452	-0.0164
0.456	-0.016
0.46	-0.0156
0.464	-0.0156
0.468	-0.016
0.472	-0.016
0.476	-0.0156
0.48	-0.0156
0.484	-0.0152
0.488	-0.016
0.492	-0.016
0.496	-0.016
0.5	-0.016
0.504	-0.0152
0.508	-0.016
0.512	-0.016
0.516	-0.016
0.52	-0.016
0.524	-0.016
0.528	-0.0156
0.532	-0.016
0.536	-0.0156
0.54	-0.0156
0.544	-0.0152
0.548	-0.0156
0.552	-0.016
0.556	-0.016
0.56	-0.0156
0.564	-0.0152
0.568	-0.0152
0.572	-0.0156
0.576	-0.0156
0.58	-0.0152
0.584	-0.0148
0.588	-0.0152
0.592	-0.0152
0.596	-0.0152
0.6	-0.0152
0.604	-0.0148
0.608	-0.0152
0.612	-0.0152
0.616	-0.0148
0.62	-0.0148
0.624	-0.0148
0.628	-0.0152
0.632	-0.0152
0.636	-0.0148
0.64	-0.0148
0.644	-0.0144
0.648	-0.0144
0.652	-0.0144
0.656	-0.0148
0.66	-0.0144
0.664	-0.0144
0.668	-0.014
0.672	-0.0152
0.676	-0.0148
0.68	-0.014
0.684	-0.0136
0.688	-0.0144
0.692	-0.014
0.696	-0.014
0.7	-0.014
0.704	-0.014
0.708	-0.014
0.712	-0.0144
0.716	-0.014
0.72	-0.014
0.724	-0.0136
0.728	-0.014
0.732	-0.014
0.736	-0.014
0.74	-0.014
0.744	-0.0144
0.748	-0.014
0.752	-0.0144
0.756	-0.014
0.76	-0.014
0.764	-0.0136
0.768	-0.014
0.772	-0.014
0.776	-0.0136
0.78	-0.0136
0.784	-0.0132
0.788	-0.014
0.792	-0.014
0.796	-0.014
0.8	-0.014
0.804	-0.0136
0.808	-0.0132
0.812	-0.0136
0.816	-0.0136
0.82	-0.0136
0.824	-0.014
0.828	-0.0136
0.832	-0.014
0.836	-0.0136
0.84	-0.014
0.844	-0.0136
0.848	-0.0136
0.852	-0.0144
0.856	-0.014
0.86	-0.0136
0.864	-0.014
0.868	-0.014
0.872	-0.014
0.876	-0.014
0.88	-0.014
0.884	-0.014
0.888	-0.014
0.892	-0.014
0.896	-0.0136
0.9	-0.014
0.904	-0.0136
0.908	-0.014
0.912	-0.0136
0.916	-0.014
0.92	-0.0136
0.924	-0.014
0.928	-0.014
0.932	-0.014
0.936	-0.0136
0.94	-0.014
0.944	-0.014
0.948	-0.014
0.952	-0.0136
0.956	-0.0136
0.96	-0.014
0.964	-0.0144
0.968	-0.014
0.972	-0.014
0.976	-0.014
0.98	-0.014
0.984	-0.014
0.988	-0.0136
0.992	-0.014
0.996	-0.0136
1.	-0.014
1.004	-0.0144
1.008	-0.014
1.012	-0.0144
1.016	-0.014
1.02	-0.014
1.024	-0.0144
1.028	-0.0136
1.032	-0.0144
1.036	-0.014
1.04	-0.014
1.044	-0.0136
1.048	-0.0144
1.052	-0.014
1.056	-0.014
1.06	-0.0144
1.064	-0.0144
1.068	-0.014
1.072	-0.0148
1.076	-0.014
1.08	-0.0144
1.084	-0.014
1.088	-0.0144
1.092	-0.0144
1.096	-0.014
1.1	-0.0144
1.104	-0.014
1.108	-0.014
1.112	-0.014
1.116	-0.0144
1.12	-0.0148
1.124	-0.0144
1.128	-0.0148
1.132	-0.0148
1.136	-0.0152
1.14	-0.0148
1.144	-0.0144
1.148	-0.0148
1.152	-0.0152
1.156	-0.0148
1.16	-0.0144
1.164	-0.0148
1.168	-0.0148
1.172	-0.0148
1.176	-0.0148
1.18	-0.0148
1.184	-0.0148
1.188	-0.0152
1.192	-0.0152
1.196	-0.0148
1.2	-0.0152
1.204	-0.0152
1.208	-0.0148
1.212	-0.0148
1.216	-0.0148
1.22	-0.0152
1.224	-0.0148
1.228	-0.0152
1.232	-0.0152
1.236	-0.0152
1.24	-0.0156
1.244	-0.0152
1.248	-0.0156
1.252	-0.0156
1.256	-0.0152
1.26	-0.0156
1.264	-0.0156
1.268	-0.0156
1.272	-0.0152
1.276	-0.0152
1.28	-0.0156
1.284	-0.016
1.288	-0.0156
1.292	-0.0156
1.296	-0.0156
1.3	-0.016
1.304	-0.016
1.308	-0.0156
1.312	-0.0164
1.316	-0.016
1.32	-0.0164
1.324	-0.016
1.328	-0.016
1.332	-0.016
1.336	-0.016
1.34	-0.0164
1.344	-0.016
1.348	-0.016
1.352	-0.016
1.356	-0.016
1.36	-0.0164
1.364	-0.016
1.368	-0.0164
1.372	-0.0164
1.376	-0.016
1.38	-0.0164
1.384	-0.0164
1.388	-0.0164
1.392	-0.0164
1.396	-0.0164
1.4	-0.0164
1.404	-0.0168
1.408	-0.016
1.412	-0.0168
1.416	-0.016
1.42	-0.0164
1.424	-0.016
1.428	-0.0164
1.432	-0.0164
1.436	-0.0164
1.44	-0.0164
1.444	-0.016
1.448	-0.0164
1.452	-0.0164
1.456	-0.0164
1.46	-0.0164
1.464	-0.016
1.468	-0.0164
1.472	-0.0164
1.476	-0.0164
1.48	-0.016
1.484	-0.0156
1.488	-0.0164
1.492	-0.016
1.496	-0.016
1.5	-0.016
1.504	-0.0152
1.508	-0.016
1.512	-0.016
1.516	-0.016
1.52	-0.0156
1.524	-0.0152
1.528	-0.0156
1.532	-0.0156
1.536	-0.0156
1.54	-0.0156
1.544	-0.0148
1.548	-0.0152
1.552	-0.0156
1.556	-0.0156
1.56	-0.0152
1.564	-0.0148
1.568	-0.0152
1.572	-0.0152
1.576	-0.0152
1.58	-0.0148
1.584	-0.0148
1.588	-0.0152
1.592	-0.0156
1.596	-0.0148
1.6	-0.0148
1.604	-0.0148
1.608	-0.0152
1.612	-0.0144
1.616	-0.0148
1.62	-0.0148
1.624	-0.0144
1.628	-0.0148
1.632	-0.0148
1.636	-0.0148
1.64	-0.0144
1.644	-0.0144
1.648	-0.014
1.652	-0.0144
1.656	-0.0148
1.66	-0.0144
1.664	-0.0144
1.668	-0.014
1.672	-0.0144
1.676	-0.014
1.68	-0.0144
1.684	-0.0144
1.688	-0.014
1.692	-0.0148
1.696	-0.0144
1.7	-0.014
1.704	-0.0136
1.708	-0.014
1.712	-0.014
1.716	-0.0144
1.72	-0.0144
1.724	-0.0136
1.728	-0.014
1.732	-0.0144
1.736	-0.014
1.74	-0.0144
1.744	-0.014
1.748	-0.014
1.752	-0.014
1.756	-0.0144
1.76	-0.014
1.764	-0.014
1.768	-0.0144
1.772	-0.0144
1.776	-0.0136
1.78	-0.014
1.784	-0.014
1.788	-0.014
1.792	-0.0144
1.796	-0.014
1.8	-0.0144
1.804	-0.014
1.808	-0.014
1.812	-0.014
1.816	-0.0144
1.82	-0.014
1.824	-0.014
1.828	-0.014
1.832	-0.0136
1.836	-0.0144
1.84	-0.0144
1.844	-0.014
1.848	-0.0136
1.852	-0.014
1.856	-0.0144
1.86	-0.014
1.864	-0.014
1.868	-0.0136
1.872	-0.0144
1.876	-0.0136
1.88	-0.0144
1.884	-0.0136
1.888	-0.014
1.892	-0.014
1.896	-0.014
1.9	-0.014
1.904	-0.014
1.908	-0.0144
1.912	-0.014
1.916	-0.0144
1.92	-0.014
1.924	-0.014
1.928	-0.014
1.932	-0.014
1.936	-0.014
1.94	-0.014
1.944	-0.014
1.948	-0.014
1.952	-0.014
1.956	-0.014
1.96	-0.014
1.964	-0.014
1.968	-0.014
1.972	-0.0144
1.976	-0.014
1.98	-0.0144
1.984	-0.0136
1.988	-0.014
1.992	-0.014
1.996	-0.0144
2.	-0.014
2.004	-0.0144
2.008	-0.014
2.012	-0.014
2.016	-0.014
2.02	-0.0144
2.024	-0.0144
2.028	-0.0144
2.032	-0.0144
2.036	-0.014
2.04	-0.0144
2.044	-0.014
2.048	-0.014
2.052	-0.014
2.056	-0.0144
2.06	-0.0148
2.064	-0.0144
2.068	-0.0144
2.072	-0.0144
2.076	-0.0144
2.08	-0.0148
2.084	-0.014
2.088	-0.0144
2.092	-0.0144
2.096	-0.0144
2.1	-0.0144
2.104	-0.0144
2.108	-0.0144
2.112	-0.0148
2.116	-0.0144
2.12	-0.0144
2.124	-0.0144
2.128	-0.0144
2.132	-0.0144
2.136	-0.0148
2.14	-0.0148
2.144	-0.0148
2.148	-0.0144
2.152	-0.0148
2.156	-0.0148
2.16	-0.0144
2.164	-0.0148
2.168	-0.0148
2.172	-0.0148
2.176	-0.0148
2.18	-0.0156
2.184	-0.0144
2.188	-0.0152
2.192	-0.0148
2.196	-0.0152
2.2	-0.0148
2.204	-0.0152
2.208	-0.0148
2.212	-0.0152
2.216	-0.0152
2.22	-0.0148
2.224	-0.0152
2.228	-0.0148
2.232	-0.0152
2.236	-0.0156
2.24	-0.0156
2.244	-0.0156
2.248	-0.0156
2.252	-0.0156
2.256	-0.0156
2.26	-0.0156
2.264	-0.0152
2.268	-0.0152
2.272	-0.016
2.276	-0.0156
2.28	-0.0152
2.284	-0.0156
2.288	-0.0152
2.292	-0.0156
2.296	-0.0156
2.3	-0.0164
2.304	-0.0156
2.308	-0.016
2.312	-0.016
2.316	-0.0156
2.32	-0.016
2.324	-0.016
2.328	-0.0156
2.332	-0.0156
2.336	-0.0156
2.34	-0.016
2.344	-0.0156
2.348	-0.0156
2.352	-0.0156
2.356	-0.016
2.36	-0.016
2.364	-0.0156
2.368	-0.016
2.372	-0.016
2.376	-0.016
2.38	-0.016
2.384	-0.0156
2.388	-0.016
2.392	-0.0156
2.396	-0.016
2.4	-0.016
2.404	-0.016
2.408	-0.0156
2.412	-0.0156
2.416	-0.016
2.42	-0.0156
2.424	-0.0156
2.428	-0.0156
2.432	-0.016
2.436	-0.0156
2.44	-0.016
2.444	-0.0152
2.448	-0.016
2.452	-0.0156
2.456	-0.0156
2.46	-0.0156
2.464	-0.0152
2.468	-0.016
2.472	-0.0156
2.476	-0.0156
2.48	-0.0156
2.484	-0.0152
2.488	-0.0156
2.492	-0.0152
2.496	-0.0156
2.5	-0.0156
2.504	-0.0152
2.508	-0.0152
2.512	-0.016
2.516	-0.0156
2.52	-0.0152
2.524	-0.0152
2.528	-0.0148
2.532	-0.0148
2.536	-0.0148
2.54	-0.0152
2.544	-0.0148
2.548	-0.0148
2.552	-0.0152
2.556	-0.0152
2.56	-0.0148
2.564	-0.0144
2.568	-0.0148
2.572	-0.0148
2.576	-0.0148
2.58	-0.0148
2.584	-0.0152
2.588	-0.0148
2.592	-0.0148
2.596	-0.0148
2.6	-0.0152
2.604	-0.0144
2.608	-0.0148
2.612	-0.0148
2.616	-0.0144
2.62	-0.0144
2.624	-0.0148
2.628	-0.0144
2.632	-0.0148
2.636	-0.0148
2.64	-0.0144
2.644	-0.0144
2.648	-0.0144
2.652	-0.0148
2.656	-0.0148
2.66	-0.0152
2.664	-0.0144
2.668	-0.0148
2.672	-0.0144
2.676	-0.0144
2.68	-0.0148
2.684	-0.0144
2.688	-0.0144
2.692	-0.0148
2.696	-0.0148
2.7	-0.0148
2.704	-0.0144
2.708	-0.0148
2.712	-0.0148
2.716	-0.0144
2.72	-0.0144
2.724	-0.0144
2.728	-0.0148
2.732	-0.0148
2.736	-0.0144
2.74	-0.0144
2.744	-0.0144
2.748	-0.0148
2.752	-0.0148
2.756	-0.0148
2.76	-0.0152
2.764	-0.0148
2.768	-0.0148
2.772	-0.0152
2.776	-0.0144
2.78	-0.0148
2.784	-0.0144
2.788	-0.0148
2.792	-0.0148
2.796	-0.0144
2.8	-0.0148
2.804	-0.0148
2.808	-0.0148
2.812	-0.0152
2.816	-0.0152
2.82	-0.0152
2.824	-0.0148
2.828	-0.0148
2.832	-0.0152
2.836	-0.0148
2.84	-0.0152
2.844	-0.0144
2.848	-0.0152
2.852	-0.0152
2.856	-0.0152
2.86	-0.0148
2.864	-0.0148
2.868	-0.0152
2.872	-0.0152
2.876	-0.0152
2.88	-0.0152
2.884	-0.0148
2.888	-0.0148
2.892	-0.0152
2.896	-0.0152
2.9	-0.0156
2.904	-0.0152
2.908	-0.0156
2.912	-0.0152
2.916	-0.0156
2.92	-0.0152
2.924	-0.0152
2.928	-0.0152
2.932	-0.0152
2.936	-0.0152
2.94	-0.0156
2.944	-0.0156
2.948	-0.0156
2.952	-0.0152
2.956	-0.0156
2.96	-0.0156
2.964	-0.0156
2.968	-0.0152
2.972	-0.016
2.976	-0.0156
2.98	-0.016
2.984	-0.0156
2.988	-0.016
2.992	-0.0156
2.996	-0.0156
3.	-0.016
3.004	-0.0156
3.008	-0.0152
3.012	-0.0156
3.016	-0.016
3.02	-0.0156
3.024	-0.0156
3.028	-0.0156
3.032	-0.0156
3.036	-0.0152
3.04	-0.0156
3.044	-0.0156
3.048	-0.0156
3.052	-0.016
3.056	-0.016
3.06	-0.0156
3.064	-0.016
3.068	-0.0156
3.072	-0.0156
3.076	-0.016
3.08	-0.016
3.084	-0.016
3.088	-0.016
3.092	-0.016
3.096	-0.0156
3.1	-0.0156
3.104	-0.0156
3.108	-0.016
3.112	-0.016
3.116	-0.0156
3.12	-0.016
3.124	-0.016
3.128	-0.016
3.132	-0.016
3.136	-0.0164
3.14	-0.016
3.144	-0.016
3.148	-0.016
3.152	-0.016
3.156	-0.016
3.16	-0.0164
3.164	-0.0156
3.168	-0.0156
3.172	-0.016
3.176	-0.016
3.18	-0.016
3.184	-0.0156
3.188	-0.0156
3.192	-0.0156
3.196	-0.0156
3.2	-0.016
3.204	-0.016
3.208	-0.0164
3.212	-0.016
3.216	-0.016
3.22	-0.016
3.224	-0.0164
3.228	-0.016
3.232	-0.016
3.236	-0.0156
3.24	-0.016
3.244	-0.016
3.248	-0.016
3.252	-0.0156
3.256	-0.016
3.26	-0.016
3.264	-0.016
3.268	-0.0156
3.272	-0.016
3.276	-0.016
3.28	-0.0164
3.284	-0.016
3.288	-0.016
3.292	-0.0164
3.296	-0.016
3.3	-0.0164
3.304	-0.016
3.308	-0.016
3.312	-0.016
3.316	-0.016
3.32	-0.0164
3.324	-0.0156
3.328	-0.016
3.332	-0.016
3.336	-0.016
3.34	-0.016
3.344	-0.0152
3.348	-0.0156
3.352	-0.016
3.356	-0.016
3.36	-0.0156
3.364	-0.0156
3.368	-0.0156
3.372	-0.016
3.376	-0.016
3.38	-0.0156
3.384	-0.0156
3.388	-0.0156
3.392	-0.016
3.396	-0.0156
3.4	-0.0152
3.404	-0.0152
3.408	-0.0152
3.412	-0.0156
3.416	-0.0156
3.42	-0.0156
3.424	-0.0152
3.428	-0.0152
3.432	-0.0156
3.436	-0.0152
3.44	-0.0156
3.444	-0.0152
3.448	-0.0152
3.452	-0.0148
3.456	-0.0152
3.46	-0.0148
3.464	-0.0152
3.468	-0.0156
3.472	-0.0152
3.476	-0.0152
3.48	-0.0152
3.484	-0.0148
3.488	-0.0148
3.492	-0.0152
3.496	-0.0148
3.5	-0.0148
3.504	-0.0148
3.508	-0.0148
3.512	-0.0152
3.516	-0.0148
3.52	-0.0148
3.524	-0.0148
3.528	-0.0144
3.532	-0.0148
3.536	-0.0148
3.54	-0.0144
3.544	-0.0144
3.548	-0.0144
3.552	-0.0148
3.556	-0.0148
3.56	-0.0148
3.564	-0.014
3.568	-0.0144
3.572	-0.0148
3.576	-0.0148
3.58	-0.0144
3.584	-0.014
3.588	-0.0148
3.592	-0.0144
3.596	-0.0144
3.6	-0.0144
3.604	-0.0144
3.608	-0.0148
3.612	-0.0144
3.616	-0.0144
3.62	-0.0148
3.624	-0.0144
3.628	-0.014
3.632	-0.0144
3.636	-0.014
3.64	-0.0144
3.644	-0.0144
3.648	-0.0144
3.652	-0.0144
3.656	-0.014
3.66	-0.0144
3.664	-0.0136
3.668	-0.014
3.672	-0.0144
3.676	-0.0144
3.68	-0.0148
3.684	-0.014
3.688	-0.0144
3.692	-0.0144
3.696	-0.014
3.7	-0.0144
3.704	-0.014
3.708	-0.014
3.712	-0.014
3.716	-0.014
3.72	-0.0144
3.724	-0.014
3.728	-0.014
3.732	-0.0144
3.736	-0.0144
3.74	-0.0144
3.744	-0.0144
3.748	-0.0144
3.752	-0.0144
3.756	-0.0144
3.76	-0.0144
3.764	-0.014
3.768	-0.0144
3.772	-0.0148
3.776	-0.014
3.78	-0.014
3.784	-0.014
3.788	-0.0144
3.792	-0.0144
3.796	-0.014
3.8	-0.0144
3.804	-0.014
3.808	-0.0144
3.812	-0.014
3.816	-0.0144
3.82	-0.0144
3.824	-0.014
3.828	-0.0144
3.832	-0.014
3.836	-0.0144
3.84	-0.0144
3.844	-0.0144
3.848	-0.0144
3.852	-0.0144
3.856	-0.0144
3.86	-0.0144
3.864	-0.0144
3.868	-0.0148
3.872	-0.0144
3.876	-0.014
3.88	-0.014
3.884	-0.0144
3.888	-0.0144
3.892	-0.0148
3.896	-0.0144
3.9	-0.0144
3.904	-0.0144
3.908	-0.0148
3.912	-0.0148
3.916	-0.0144
3.92	-0.0144
3.924	-0.0144
3.928	-0.0144
3.932	-0.0144
3.936	-0.0144
3.94	-0.0144
3.944	-0.0144
3.948	-0.0144
3.952	-0.0148
3.956	-0.0144
3.96	-0.014
3.964	-0.0148
3.968	-0.0144
3.972	-0.0148
3.976	-0.0144
3.98	-0.0148
3.984	-0.0148
3.988	-0.0144
3.992	-0.0144
3.996	-0.014
4.	-0.0144
4.004	-0.0144
4.008	-0.0144
4.012	-0.0144
4.016	-0.0144
4.02	-0.0144
4.024	-0.0144
4.028	-0.0148
4.032	-0.0144
4.036	-0.014
4.04	-0.0148
4.044	-0.0144
4.048	-0.0144
4.052	-0.0144
4.056	-0.0144
4.06	-0.0144
4.064	-0.0144
4.068	-0.014
4.072	-0.014
4.076	-0.0144
4.08	-0.0144
4.084	-0.0144
4.088	-0.014
4.092	-0.014
4.096	-0.0144
4.1	-0.014
4.104	-0.0144
4.108	-0.014
4.112	-0.0144
4.116	-0.0144
4.12	-0.0144
4.124	-0.014
4.128	-0.014
4.132	-0.014
4.136	-0.0144
4.14	-0.014
4.144	-0.014
4.148	-0.0136
4.152	-0.0144
4.156	-0.0144
4.16	-0.014
4.164	-0.014
4.168	-0.014
4.172	-0.0144
4.176	-0.014
4.18	-0.0136
4.184	-0.014
4.188	-0.0144
4.192	-0.0144
4.196	-0.014
4.2	-0.0144
4.204	-0.0144
4.208	-0.0136
4.212	-0.014
4.216	-0.014
4.22	-0.014
4.224	-0.014
4.228	-0.014
4.232	-0.0144
4.236	-0.014
4.24	-0.014
4.244	-0.0144
4.248	-0.014
4.252	-0.0144
4.256	-0.0136
4.26	-0.014
4.264	-0.0136
4.268	-0.0136
4.272	-0.014
4.276	-0.0136
4.28	-0.014
4.284	-0.0136
4.288	-0.014
4.292	-0.0144
4.296	-0.014
4.3	-0.0144
4.304	-0.0136
4.308	-0.014
4.312	-0.014
4.316	-0.014
4.32	-0.014
4.324	-0.0136
4.328	-0.0136
4.332	-0.014
4.336	-0.0136
4.34	-0.0136
4.344	-0.0132
4.348	-0.0136
4.352	-0.014
4.356	-0.014
4.36	-0.014
4.364	-0.0136
4.368	-0.0132
4.372	-0.0136
4.376	-0.014
4.38	-0.014
4.384	-0.0136
4.388	-0.0136
4.392	-0.0144
4.396	-0.0132
4.4	-0.0136
4.404	-0.0136
4.408	-0.0136
4.412	-0.0136
4.416	-0.014
4.42	-0.014
4.424	-0.0136
4.428	-0.0136
4.432	-0.0136
4.436	-0.0136
4.44	-0.0136
4.444	-0.0136
4.448	-0.0136
4.452	-0.0144
4.456	-0.014
4.46	-0.0136
4.464	-0.0136
4.468	-0.014
4.472	-0.0136
4.476	-0.0136
4.48	-0.014
4.484	-0.0136
4.488	-0.0136
4.492	-0.014
4.496	-0.0136
4.5	-0.0144
4.504	-0.0136
4.508	-0.014
4.512	-0.014
4.516	-0.0136
4.52	-0.014
4.524	-0.0136
4.528	-0.0136
4.532	-0.014
4.536	-0.014
4.54	-0.0136
4.544	-0.0136
4.548	-0.0136
4.552	-0.0136
4.556	-0.014
4.56	-0.014
4.564	-0.0136
4.568	-0.0136
4.572	-0.0136
4.576	-0.0136
4.58	-0.014
4.584	-0.0136
4.588	-0.0136
4.592	-0.0136
4.596	-0.0136
4.6	-0.014
4.604	-0.0136
4.608	-0.0136
4.612	-0.014
4.616	-0.0136
4.62	-0.0144
4.624	-0.0136
4.628	-0.0136
4.632	-0.014
4.636	-0.014
4.64	-0.014
4.644	-0.0136
4.648	-0.0136
4.652	-0.014
4.656	-0.0136
4.66	-0.0136
4.664	-0.0136
4.668	-0.0136
4.672	-0.0136
4.676	-0.0136
4.68	-0.014
4.684	-0.0132
4.688	-0.0136
4.692	-0.0144
4.696	-0.014
4.7	-0.014
4.704	-0.0136
4.708	-0.0132
4.712	-0.0136
4.716	-0.014
4.72	-0.0136
4.724	-0.014
4.728	-0.0136
4.732	-0.0136
4.736	-0.014
4.74	-0.0136
4.744	-0.014
4.748	-0.014
4.752	-0.014
4.756	-0.0136
4.76	-0.014
4.764	-0.0136
4.768	-0.014
4.772	-0.0136
4.776	-0.0136
4.78	-0.014
4.784	-0.0136
4.788	-0.014
4.792	-0.014
4.796	-0.0136
4.8	-0.014
4.804	-0.014
4.808	-0.0136
4.812	-0.014
4.816	-0.0136
4.82	-0.014
4.824	-0.0136
4.828	-0.0136
4.832	-0.0144
4.836	-0.0136
4.84	-0.0136
4.844	-0.0136
4.848	-0.0136
4.852	-0.014
4.856	-0.014
4.86	-0.014
4.864	-0.0136
4.868	-0.0136
4.872	-0.014
4.876	-0.0136
4.88	-0.014
4.884	-0.0132
4.888	-0.0136
4.892	-0.014
4.896	-0.0136
4.9	-0.014
4.904	-0.0136
4.908	-0.014
4.912	-0.014
4.916	-0.014
4.92	-0.0136
4.924	-0.0136
4.928	-0.014
4.932	-0.014
4.936	-0.0136
4.94	-0.014
4.944	-0.0132
4.948	-0.0136
4.952	-0.014
4.956	-0.0136
4.96	-0.0136
4.964	-0.0136
4.968	-0.014
4.972	-0.014
4.976	-0.0132
4.98	-0.014
4.984	-0.0136
4.988	-0.0136
4.992	-0.0144
4.996	-0.014
5.	-0.0136
5.004	-0.0132
5.008	-0.0136
5.012	-0.014
5.016	-0.0136
5.02	-0.014
5.024	-0.0132
5.028	-0.014
5.032	-0.0136
5.036	-0.0136
5.04	-0.014
5.044	-0.014
5.048	-0.0136
5.052	-0.0136
5.056	-0.0136
5.06	-0.014
5.064	-0.0136
5.068	-0.0136
5.072	-0.0136
5.076	-0.014
5.08	-0.014
5.084	-0.0132
5.088	-0.014
5.092	-0.0144
5.096	-0.0136
5.1	-0.014
5.104	-0.0136
5.108	-0.0136
5.112	-0.0136
5.116	-0.0136
5.12	-0.014
5.124	-0.014
5.128	-0.014
5.132	-0.014
5.136	-0.0136
5.14	-0.014
5.144	-0.014
5.148	-0.014
5.152	-0.014
5.156	-0.014
5.16	-0.014
5.164	-0.0136
5.168	-0.014
5.172	-0.0136
5.176	-0.0136
5.18	-0.014
5.184	-0.0136
5.188	-0.014
5.192	-0.014
5.196	-0.014
5.2	-0.0132
5.204	-0.0136
5.208	-0.0136
5.212	-0.0144
5.216	-0.0136
5.22	-0.014
5.224	-0.0136
5.228	-0.0136
5.232	-0.014
5.236	-0.0136
5.24	-0.0136
5.244	-0.0136
5.248	-0.0136
5.252	-0.0136
5.256	-0.0136
5.26	-0.0144
5.264	-0.0136
5.268	-0.014
5.272	-0.014
5.276	-0.0136
5.28	-0.0136
5.284	-0.0136
5.288	-0.0132
5.292	-0.0136
5.296	-0.0136
5.3	-0.0136
5.304	-0.0136
5.308	-0.0136
5.312	-0.0136
5.316	-0.0132
5.32	-0.0132
5.324	-0.0136
5.328	-0.014
5.332	-0.0136
5.336	-0.0136
5.34	-0.014
5.344	-0.0132
5.348	-0.0136
5.352	-0.0136
5.356	-0.0136
5.36	-0.0136
5.364	-0.0136
5.368	-0.0132
5.372	-0.014
5.376	-0.0136
5.38	-0.0136
5.384	-0.0136
5.388	-0.0136
5.392	-0.014
5.396	-0.0136
5.4	-0.014
5.404	-0.0136
5.408	-0.0136
5.412	-0.0136
5.416	-0.014
5.42	-0.0132
5.424	-0.0132
5.428	-0.0136
5.432	-0.014
5.436	-0.0132
5.44	-0.0136
5.444	-0.0136
5.448	-0.0136
5.452	-0.014
5.456	-0.0132
5.46	-0.0136
5.464	-0.0136
5.468	-0.0132
5.472	-0.0136
5.476	-0.0136
5.48	-0.0136
5.484	-0.014
5.488	-0.0132
5.492	-0.0136
5.496	-0.0132
5.5	-0.0136
5.504	-0.0136
5.508	-0.0136
5.512	-0.0132
5.516	-0.0136
5.52	-0.0136
5.524	-0.0132
5.528	-0.0132
5.532	-0.0136
5.536	-0.0132
5.54	-0.0136
5.544	-0.0132
5.548	-0.0136
5.552	-0.0132
5.556	-0.0136
5.56	-0.0136
5.564	-0.014
5.568	-0.0136
5.572	-0.0136
5.576	-0.0136
5.58	-0.014
5.584	-0.0132
5.588	-0.0132
5.592	-0.0136
5.596	-0.0136
5.6	-0.0136
5.604	-0.0136
5.608	-0.0132
5.612	-0.0136
5.616	-0.0136
5.62	-0.0136
5.624	-0.0132
5.628	-0.0136
5.632	-0.0136
5.636	-0.0136
5.64	-0.014
5.644	-0.0132
5.648	-0.0132
5.652	-0.0132
5.656	-0.0132
5.66	-0.0136
5.664	-0.0136
5.668	-0.0132
5.672	-0.0136
5.676	-0.0132
5.68	-0.0136
5.684	-0.0128
5.688	-0.0132
5.692	-0.0132
5.696	-0.0132
5.7	-0.0132
5.704	-0.0132
5.708	-0.0132
5.712	-0.0136
5.716	-0.0132
5.72	-0.0136
5.724	-0.0132
5.728	-0.0132
5.732	-0.0132
5.736	-0.0132
5.74	-0.0136
5.744	-0.0132
5.748	-0.0136
5.752	-0.0132
5.756	-0.0132
5.76	-0.0136
5.764	-0.0132
5.768	-0.0136
5.772	-0.0132
5.776	-0.014
5.78	-0.0136
5.784	-0.0136
5.788	-0.0132
5.792	-0.0132
5.796	-0.0132
5.8	-0.0136
5.804	-0.0128
5.808	-0.0132
5.812	-0.0136
5.816	-0.0136
5.82	-0.0136
5.824	-0.0132
5.828	-0.0136
5.832	-0.014
5.836	-0.014
5.84	-0.014
5.844	-0.0132
5.848	-0.0136
5.852	-0.0132
5.856	-0.0132
5.86	-0.0136
5.864	-0.0132
5.868	-0.0132
5.872	-0.0136
5.876	-0.0136
5.88	-0.0132
5.884	-0.0132
5.888	-0.0132
5.892	-0.0128
5.896	-0.0132
5.9	-0.0132
5.904	-0.0128
5.908	-0.0132
5.912	-0.0128
5.916	-0.0132
5.92	-0.0132
5.924	-0.0128
5.928	-0.0132
5.932	-0.0132
5.936	-0.0128
5.94	-0.0132
5.944	-0.0132
5.948	-0.0136
5.952	-0.0132
5.956	-0.0132
5.96	-0.0132
5.964	-0.0128
5.968	-0.0132
5.972	-0.0132
5.976	-0.0132
5.98	-0.0132
5.984	-0.0128
5.988	-0.0132
5.992	-0.0132
5.996	-0.0132
6.	-0.0132
6.004	-0.0128
6.008	-0.0132
6.012	-0.0128
6.016	-0.0136
6.02	-0.0132
6.024	-0.0132
6.028	-0.0132
6.032	-0.0136
6.036	-0.0132
6.04	-0.0128
6.044	-0.0132
6.048	-0.0128
6.052	-0.0132
6.056	-0.0132
6.06	-0.0132
6.064	-0.0128
6.068	-0.0128
6.072	-0.0132
6.076	-0.0132
6.08	-0.0132
6.084	-0.0128
6.088	-0.0132
6.092	-0.0132
6.096	-0.0128
6.1	-0.0132
6.104	-0.0132
6.108	-0.0132
6.112	-0.0132
6.116	-0.0132
6.12	-0.0136
6.124	-0.0128
6.128	-0.0136
6.132	-0.0128
6.136	-0.0132
6.14	-0.0136
6.144	-0.0128
6.148	-0.0132
6.152	-0.0132
6.156	-0.0136
6.16	-0.0132
6.164	-0.0128
6.168	-0.0128
6.172	-0.0132
6.176	-0.0132
6.18	-0.0128
6.184	-0.0124
6.188	-0.0132
6.192	-0.0132
6.196	-0.0128
6.2	-0.0132
6.204	-0.0128
6.208	-0.0132
6.212	-0.0132
6.216	-0.0132
6.22	-0.0132
6.224	-0.0128
6.228	-0.0128
6.232	-0.0128
6.236	-0.0132
6.24	-0.0132
6.244	-0.0128
6.248	-0.0128
6.252	-0.0128
6.256	-0.0132
6.26	-0.0132
6.264	-0.0132
6.268	-0.0132
6.272	-0.0132
6.276	-0.0132
6.28	-0.0132
6.284	-0.0124
6.288	-0.0132
6.292	-0.0136
6.296	-0.0128
6.3	-0.0128
6.304	-0.0128
6.308	-0.0136
6.312	-0.0132
6.316	-0.0132
6.32	-0.0128
6.324	-0.0128
6.328	-0.0136
6.332	-0.0132
6.336	-0.0132
6.34	-0.0132
6.344	-0.0128
6.348	-0.0132
6.352	-0.0132
6.356	-0.0132
6.36	-0.0132
6.364	-0.0132
6.368	-0.0128
6.372	-0.0136
6.376	-0.0132
6.38	-0.0132
6.384	-0.0128
6.388	-0.0132
6.392	-0.0136
6.396	-0.0132
6.4	-0.0132
6.404	-0.0132
6.408	-0.0136
6.412	-0.0136
6.416	-0.0128
6.42	-0.0132
6.424	-0.0128
6.428	-0.0132
6.432	-0.0132
6.436	-0.0128
6.44	-0.0132
6.444	-0.0132
6.448	-0.0132
6.452	-0.0132
6.456	-0.0132
6.46	-0.0132
6.464	-0.0132
6.468	-0.0136
6.472	-0.0136
6.476	-0.0132
6.48	-0.014
6.484	-0.0128
6.488	-0.0132
6.492	-0.0136
6.496	-0.0128
6.5	-0.0136
6.504	-0.0132
6.508	-0.0132
6.512	-0.0136
6.516	-0.0132
6.52	-0.0132
6.524	-0.0128
6.528	-0.0128
6.532	-0.0132
6.536	-0.0136
6.54	-0.0128
6.544	-0.0132
6.548	-0.0136
6.552	-0.0132
6.556	-0.0136
6.56	-0.0132
6.564	-0.0128
6.568	-0.0132
6.572	-0.0132
6.576	-0.0132
6.58	-0.0132
6.584	-0.0132
6.588	-0.0128
6.592	-0.0132
6.596	-0.0136
6.6	-0.0132
6.604	-0.0132
6.608	-0.0136
6.612	-0.0132
6.616	-0.0132
6.62	-0.0132
6.624	-0.0128
6.628	-0.0132
6.632	-0.0136
6.636	-0.0132
6.64	-0.0132
6.644	-0.0132
6.648	-0.0132
6.652	-0.0132
6.656	-0.0136
6.66	-0.0136
6.664	-0.0132
6.668	-0.0132
6.672	-0.0132
6.676	-0.0128
6.68	-0.0128
6.684	-0.0136
6.688	-0.0136
6.692	-0.0132
6.696	-0.0132
6.7	-0.0132
6.704	-0.0132
6.708	-0.0136
6.712	-0.0132
6.716	-0.0132
6.72	-0.0132
6.724	-0.0132
6.728	-0.0132
6.732	-0.0132
6.736	-0.0132
6.74	-0.0136
6.744	-0.0132
6.748	-0.0132
6.752	-0.0136
6.756	-0.0132
6.76	-0.0136
6.764	-0.0132
6.768	-0.0128
6.772	-0.0136
6.776	-0.0132
6.78	-0.0136
6.784	-0.0132
6.788	-0.0136
6.792	-0.0132
6.796	-0.0136
6.8	-0.0136
6.804	-0.0128
6.808	-0.0136
6.812	-0.0136
6.816	-0.0136
6.82	-0.0132
6.824	-0.0136
6.828	-0.0132
6.832	-0.0132
6.836	-0.0136
6.84	-0.0136
6.844	-0.0132
6.848	-0.0132
6.852	-0.0132
6.856	-0.0132
6.86	-0.0136
6.864	-0.0132
6.868	-0.0132
6.872	-0.0136
6.876	-0.0132
6.88	-0.0136
6.884	-0.0132
6.888	-0.0136
6.892	-0.0132
6.896	-0.0128
6.9	-0.0136
6.904	-0.0132
6.908	-0.0132
6.912	-0.0132
6.916	-0.0136
6.92	-0.0136
6.924	-0.0136
6.928	-0.0136
6.932	-0.0132
6.936	-0.0136
6.94	-0.0132
6.944	-0.0136
6.948	-0.0136
6.952	-0.0132
6.956	-0.0132
6.96	-0.0132
6.964	-0.0132
6.968	-0.0132
6.972	-0.0132
6.976	-0.0136
6.98	-0.0136
6.984	-0.0132
6.988	-0.0132
6.992	-0.0136
6.996	-0.0132
7.	-0.0136
7.004	-0.0128
7.008	-0.0132
7.012	-0.0132
7.016	-0.0132
7.02	-0.0132
7.024	-0.0128
7.028	-0.0132
7.032	-0.0136
7.036	-0.0128
7.04	-0.0132
7.044	-0.0128
7.048	-0.0132
7.052	-0.0128
7.056	-0.0128
7.06	-0.0132
7.064	-0.0124
7.068	-0.0132
7.072	-0.0128
7.076	-0.0132
7.08	-0.0136
7.084	-0.0128
7.088	-0.0136
7.092	-0.0132
7.096	-0.0132
7.1	-0.0128
7.104	-0.0132
7.108	-0.0132
7.112	-0.0128
7.116	-0.0132
7.12	-0.0132
7.124	-0.0124
7.128	-0.0132
7.132	-0.0132
7.136	-0.0132
7.14	-0.0132
7.144	-0.0132
7.148	-0.0132
7.152	-0.0132
7.156	-0.0132
7.16	-0.0132
7.164	-0.0128
7.168	-0.0128
7.172	-0.0132
7.176	-0.0128
7.18	-0.0132
7.184	-0.0128
7.188	-0.0132
7.192	-0.0132
7.196	-0.0132
7.2	-0.0136
7.204	-0.0128
7.208	-0.0132
7.212	-0.0132
7.216	-0.0128
7.22	-0.0132
7.224	-0.0132
7.228	-0.0132
7.232	-0.0136
7.236	-0.0132
7.24	-0.0132
7.244	-0.0128
7.248	-0.0128
7.252	-0.0132
7.256	-0.0132
7.26	-0.0128
7.264	-0.0128
7.268	-0.0132
7.272	-0.0132
7.276	-0.0128
7.28	-0.0132
7.284	-0.0128
7.288	-0.0128
7.292	-0.0132
7.296	-0.0128
7.3	-0.0128
7.304	-0.0136
7.308	-0.0136
7.312	-0.0132
7.316	-0.0136
7.32	-0.0128
7.324	-0.0132
7.328	-0.0132
7.332	-0.0136
7.336	-0.0132
7.34	-0.0128
7.344	-0.0128
7.348	-0.0132
7.352	-0.0136
7.356	-0.0132
7.36	-0.0132
7.364	-0.0132
7.368	-0.0128
7.372	-0.0132
7.376	-0.0132
7.38	-0.0136
7.384	-0.0128
7.388	-0.0136
7.392	-0.0132
7.396	-0.0136
7.4	-0.0132
7.404	-0.0132
7.408	-0.0132
7.412	-0.0132
7.416	-0.0132
7.42	-0.0132
7.424	-0.0128
7.428	-0.0132
7.432	-0.0132
7.436	-0.0132
7.44	-0.0132
7.444	-0.0132
7.448	-0.0136
7.452	-0.0136
7.456	-0.0136
7.46	-0.0136
7.464	-0.0132
7.468	-0.0132
7.472	-0.0132
7.476	-0.0132
7.48	-0.0136
7.484	-0.0132
7.488	-0.0136
7.492	-0.0136
7.496	-0.0132
7.5	-0.0136
7.504	-0.0128
7.508	-0.0132
7.512	-0.0136
7.516	-0.0136
7.52	-0.0136
7.524	-0.0132
7.528	-0.0136
7.532	-0.0136
7.536	-0.0136
7.54	-0.014
7.544	-0.0136
7.548	-0.0136
7.552	-0.0136
7.556	-0.0132