-2.368	-0.0164
-2.364	-0.0172
-2.36	-0.0172
-2.356	-0.0164
-2.352	-0.0164
-2.348	-0.0164
-2.344	-0.0164
-2.34	-0.0168
-2.336	-0.0172
-2.332	-0.0164
-2.328	-0.0164
-2.324	-0.0164
-2.32	-0.0164
-2.316	-0.0168
-2.312	-0.0168
-2.308	-0.0164
-2.304	-0.0164
-2.3	-0.0168
-2.296	-0.0164
-2.292	-0.0164
-2.288	-0.0164
-2.284	-0.0168
-2.28	-0.0168
-2.276	-0.0168
-2.272	-0.0168
-2.268	-0.0164
-2.264	-0.0164
-2.26	-0.0168
-2.256	-0.0164
-2.252	-0.0168
-2.248	-0.016
-2.244	-0.0168
-2.24	-0.0168
-2.236	-0.0168
-2.232	-0.0164
-2.228	-0.016
-2.224	-0.0164
-2.22	-0.0164
-2.216	-0.0164
-2.212	-0.0164
-2.208	-0.016
-2.204	-0.016
-2.2	-0.0164
-2.196	-0.016
-2.192	-0.0172
-2.188	-0.0164
-2.184	-0.0164
-2.18	-0.0172
-2.176	-0.0164
-2.172	-0.0168
-2.168	-0.0164
-2.164	-0.0168
-2.16	-0.0168
-2.156	-0.0168
-2.152	-0.0164
-2.148	-0.0164
-2.144	-0.0164
-2.14	-0.0168
-2.136	-0.0168
-2.132	-0.0168
-2.128	-0.0168
-2.124	-0.0164
-2.12	-0.0168
-2.116	-0.0172
-2.112	-0.0168
-2.108	-0.0164
-2.104	-0.0164
-2.1	-0.0176
-2.096	-0.0168
-2.092	-0.0168
-2.088	-0.0168
-2.084	-0.0164
-2.08	-0.0172
-2.076	-0.0172
-2.072	-0.0168
-2.068	-0.0172
-2.064	-0.0168
-2.06	-0.0172
-2.056	-0.0168
-2.052	-0.0168
-2.048	-0.0168
-2.044	-0.0164
-2.04	-0.0172
-2.036	-0.0172
-2.032	-0.0168
-2.028	-0.0172
-2.024	-0.0168
-2.02	-0.0172
-2.016	-0.0168
-2.012	-0.0168
-2.008	-0.0164
-2.004	-0.0164
-2.	-0.0168
-1.996	-0.0168
-1.992	-0.0172
-1.988	-0.0168
-1.984	-0.0176
-1.98	-0.0172
-1.976	-0.0168
-1.972	-0.0172
-1.968	-0.0168
-1.964	-0.0172
-1.96	-0.0172
-1.956	-0.0168
-1.952	-0.0172
-1.948	-0.0164
-1.944	-0.0164
-1.94	-0.0172
-1.936	-0.0168
-1.932	-0.0172
-1.928	-0.0164
-1.924	-0.0172
-1.92	-0.0168
-1.916	-0.0168
-1.912	-0.0168
-1.908	-0.016
-1.904	-0.0168
-1.9	-0.0168
-1.896	-0.0168
-1.892	-0.0172
-1.888	-0.016
-1.884	-0.0172
-1.88	-0.0164
-1.876	-0.0172
-1.872	-0.0168
-1.868	-0.0168
-1.864	-0.0172
-1.86	-0.0168
-1.856	-0.0168
-1.852	-0.0172
-1.848	-0.0172
-1.844	-0.0168
-1.84	-0.0172
-1.836	-0.0168
-1.832	-0.0164
-1.828	-0.0164
-1.824	-0.016
-1.82	-0.0172
-1.816	-0.0168
-1.812	-0.0168
-1.808	-0.0164
-1.804	-0.0168
-1.8	-0.0168
-1.796	-0.0164
-1.792	-0.0172
-1.788	-0.0168
-1.784	-0.0168
-1.78	-0.0172
-1.776	-0.0168
-1.772	-0.0168
-1.768	-0.0168
-1.764	-0.0168
-1.76	-0.0172
-1.756	-0.0168
-1.752	-0.0172
-1.748	-0.0168
-1.744	-0.016
-1.74	-0.0172
-1.736	-0.0168
-1.732	-0.0168
-1.728	-0.0164
-1.724	-0.0164
-1.72	-0.0172
-1.716	-0.0168
-1.712	-0.0168
-1.708	-0.0168
-1.704	-0.0172
-1.7	-0.0164
-1.696	-0.0168
-1.692	-0.0164
-1.688	-0.0176
-1.684	-0.0168
-1.68	-0.0168
-1.676	-0.0172
-1.672	-0.0168
-1.668	-0.0164
-1.664	-0.016
-1.66	-0.0164
-1.656	-0.0176
-1.652	-0.0172
-1.648	-0.0164
-1.644	-0.0164
-1.64	-0.0168
-1.636	-0.0168
-1.632	-0.0164
-1.628	-0.0172
-1.624	-0.0164
-1.62	-0.0172
-1.616	-0.0168
-1.612	-0.0164
-1.608	-0.0164
-1.604	-0.0168
-1.6	-0.0164
-1.596	-0.0168
-1.592	-0.0172
-1.588	-0.0168
-1.584	-0.0168
-1.58	-0.0172
-1.576	-0.0168
-1.572	-0.0168
-1.568	-0.0164
-1.564	-0.0168
-1.56	-0.0168
-1.556	-0.0172
-1.552	-0.0168
-1.548	-0.0168
-1.544	-0.0164
-1.54	-0.0168
-1.536	-0.0168
-1.532	-0.0168
-1.528	-0.0168
-1.524	-0.0168
-1.52	-0.0172
-1.516	-0.0164
-1.512	-0.0168
-1.508	-0.0168
-1.504	-0.0168
-1.5	-0.0168
-1.496	-0.0164
-1.492	-0.0172
-1.488	-0.0172
-1.484	-0.0168
-1.48	-0.0168
-1.476	-0.0172
-1.472	-0.0168
-1.468	-0.0164
-1.464	-0.0164
-1.46	-0.0172
-1.456	-0.0164
-1.452	-0.0164
-1.448	-0.016
-1.444	-0.016
-1.44	-0.0168
-1.436	-0.016
-1.432	-0.0164
-1.428	-0.016
-1.424	-0.0156
-1.42	-0.016
-1.416	-0.0164
-1.412	-0.0168
-1.408	-0.0164
-1.404	-0.016
-1.4	-0.016
-1.396	-0.016
-1.392	-0.0164
-1.388	-0.0164
-1.384	-0.016
-1.38	-0.016
-1.376	-0.0164
-1.372	-0.016
-1.368	-0.0156
-1.364	-0.0156
-1.36	-0.0164
-1.356	-0.016
-1.352	-0.016
-1.348	-0.016
-1.344	-0.016
-1.34	-0.0164
-1.336	-0.016
-1.332	-0.016
-1.328	-0.016
-1.324	-0.0164
-1.32	-0.0164
-1.316	-0.0168
-1.312	-0.016
-1.308	-0.016
-1.304	-0.016
-1.3	-0.016
-1.296	-0.016
-1.292	-0.0164
-1.288	-0.016
-1.284	-0.0164
-1.28	-0.016
-1.276	-0.016
-1.272	-0.016
-1.268	-0.0156
-1.264	-0.0156
-1.26	-0.016
-1.256	-0.016
-1.252	-0.016
-1.248	-0.0152
-1.244	-0.0156
-1.24	-0.016
-1.236	-0.0156
-1.232	-0.0156
-1.228	-0.0156
-1.224	-0.0152
-1.22	-0.016
-1.216	-0.0152
-1.212	-0.016
-1.208	-0.0148
-1.204	-0.0152
-1.2	-0.0156
-1.196	-0.0152
-1.192	-0.0156
-1.188	-0.0152
-1.184	-0.0148
-1.18	-0.016
-1.176	-0.0156
-1.172	-0.0144
-1.168	-0.0152
-1.164	-0.0152
-1.16	-0.0152
-1.156	-0.0152
-1.152	-0.0152
-1.148	-0.0148
-1.144	-0.0152
-1.14	-0.0156
-1.136	-0.0148
-1.132	-0.0152
-1.128	-0.0152
-1.124	-0.0148
-1.12	-0.0152
-1.116	-0.0156
-1.112	-0.0148
-1.108	-0.0156
-1.104	-0.0152
-1.1	-0.0156
-1.096	-0.0152
-1.092	-0.0152
-1.088	-0.0152
-1.084	-0.0156
-1.08	-0.0152
-1.076	-0.0156
-1.072	-0.0152
-1.068	-0.0152
-1.064	-0.0156
-1.06	-0.0152
-1.056	-0.0152
-1.052	-0.0152
-1.048	-0.0148
-1.044	-0.0152
-1.04	-0.0156
-1.036	-0.0156
-1.032	-0.0152
-1.028	-0.0156
-1.024	-0.0148
-1.02	-0.0152
-1.016	-0.0156
-1.012	-0.0152
-1.008	-0.0152
-1.004	-0.0148
-1.	-0.0148
-0.996	-0.0148
-0.992	-0.0152
-0.988	-0.0148
-0.984	-0.0152
-0.98	-0.0148
-0.976	-0.0152
-0.972	-0.0152
-0.968	-0.0148
-0.964	-0.0148
-0.96	-0.0152
-0.956	-0.0152
-0.952	-0.0152
-0.948	-0.0152
-0.944	-0.0156
-0.94	-0.0152
-0.936	-0.0156
-0.932	-0.0156
-0.928	-0.0144
-0.924	-0.0148
-0.92	-0.0144
-0.916	-0.0152
-0.912	-0.0152
-0.908	-0.0148
-0.904	-0.0148
-0.9	-0.0152
-0.896	-0.0152
-0.892	-0.0152
-0.888	-0.0144
-0.884	-0.0152
-0.88	-0.0152
-0.876	-0.0156
-0.872	-0.0148
-0.868	-0.0144
-0.864	-0.0152
-0.86	-0.0156
-0.856	-0.0152
-0.852	-0.0152
-0.848	-0.0148
-0.844	-0.0148
-0.84	-0.0148
-0.836	-0.0148
-0.832	-0.0148
-0.828	-0.0144
-0.824	-0.0152
-0.82	-0.0148
-0.816	-0.0152
-0.812	-0.0152
-0.808	-0.0148
-0.804	-0.0152
-0.8	-0.0148
-0.796	-0.0148
-0.792	-0.0152
-0.788	-0.0148
-0.784	-0.0148
-0.78	-0.0148
-0.776	-0.0148
-0.772	-0.0152
-0.768	-0.0144
-0.764	-0.0144
-0.76	-0.0152
-0.756	-0.0144
-0.752	-0.0152
-0.748	-0.0144
-0.744	-0.014
-0.74	-0.0148
-0.736	-0.0148
-0.732	-0.0148
-0.728	-0.0144
-0.724	-0.0144
-0.72	-0.0144
-0.716	-0.0152
-0.712	-0.0148
-0.708	-0.0148
-0.704	-0.0148
-0.7	-0.0144
-0.696	-0.0148
-0.692	-0.0152
-0.688	-0.0144
-0.684	-0.0144
-0.68	-0.0144
-0.676	-0.0144
-0.672	-0.0144
-0.668	-0.0144
-0.664	-0.014
-0.66	-0.0148
-0.656	-0.014
-0.652	-0.0144
-0.648	-0.0144
-0.644	-0.0144
-0.64	-0.0144
-0.636	-0.014
-0.632	-0.0144
-0.628	-0.014
-0.624	-0.014
-0.62	-0.0148
-0.616	-0.0148
-0.612	-0.0144
-0.608	-0.0148
-0.604	-0.0144
-0.6	-0.0148
-0.596	-0.0148
-0.592	-0.0144
-0.588	-0.014
-0.584	-0.014
-0.58	-0.0148
-0.576	-0.0148
-0.572	-0.014
-0.568	-0.014
-0.564	-0.0148
-0.56	-0.0148
-0.556	-0.0144
-0.552	-0.014
-0.548	-0.014
-0.544	-0.014
-0.54	-0.0144
-0.536	-0.014
-0.532	-0.0144
-0.528	-0.0144
-0.524	-0.014
-0.52	-0.0144
-0.516	-0.014
-0.512	-0.0144
-0.508	-0.0144
-0.504	-0.0144
-0.5	-0.0144
-0.496	-0.0148
-0.492	-0.0148
-0.488	-0.014
-0.484	-0.014
-0.48	-0.0148
-0.476	-0.0144
-0.472	-0.0148
-0.468	-0.014
-0.464	-0.0144
-0.46	-0.014
-0.456	-0.0144
-0.452	-0.0148
-0.448	-0.014
-0.444	-0.0144
-0.44	-0.0148
-0.436	-0.014
-0.432	-0.0148
-0.428	-0.0144
-0.424	-0.0144
-0.42	-0.0144
-0.416	-0.0152
-0.412	-0.0148
-0.408	-0.0144
-0.404	-0.0144
-0.4	-0.0148
-0.396	-0.0144
-0.392	-0.0148
-0.388	-0.014
-0.384	-0.0144
-0.38	-0.0148
-0.376	-0.014
-0.372	-0.0144
-0.368	-0.0148
-0.364	-0.0148
-0.36	-0.0144
-0.356	-0.014
-0.352	-0.0148
-0.348	-0.0144
-0.344	-0.014
-0.34	-0.0148
-0.336	-0.0148
-0.332	-0.0148
-0.328	-0.014
-0.324	-0.0136
-0.32	-0.014
-0.316	-0.014
-0.312	-0.0144
-0.308	-0.0144
-0.304	-0.0144
-0.3	-0.0148
-0.296	-0.014
-0.292	-0.0144
-0.288	-0.0148
-0.284	-0.0148
-0.28	-0.0144
-0.276	-0.0148
-0.272	-0.0144
-0.268	-0.0144
-0.264	-0.0144
-0.26	-0.0148
-0.256	-0.0144
-0.252	-0.0144
-0.248	-0.0144
-0.244	-0.0148
-0.24	-0.0148
-0.236	-0.0144
-0.232	-0.0144
-0.228	-0.014
-0.224	-0.0148
-0.22	-0.0148
-0.216	-0.0144
-0.212	-0.0144
-0.208	-0.0144
-0.204	-0.0144
-0.2	-0.0148
-0.196	-0.0144
-0.192	-0.0152
-0.188	-0.0144
-0.184	-0.0144
-0.18	-0.0144
-0.176	-0.0144
-0.172	-0.0148
-0.168	-0.0148
-0.164	-0.0152
-0.16	-0.0148
-0.156	-0.0148
-0.152	-0.0148
-0.148	-0.014
-0.144	-0.0144
-0.14	-0.0148
-0.136	-0.0148
-0.132	-0.0148
-0.128	-0.0148
-0.124	-0.014
-0.12	-0.0148
-0.116	-0.0148
-0.112	-0.0148
-0.108	-0.014
-0.104	-0.0152
-0.1	-0.0148
-0.096	-0.0144
-0.092	-0.0152
-0.088	-0.0144
-0.084	-0.0144
-0.08	-0.0152
-0.076	-0.0148
-0.072	-0.0148
-0.068	-0.0148
-0.064	-0.0148
-0.06	-0.0148
-0.056	-0.0148
-0.052	-0.0148
-0.048	-0.0144
-0.044	-0.0148
-0.04	-0.0148
-0.036	-0.0144
-0.032	-0.0152
-0.028	-0.0148
-0.024	-0.0148
-0.02	-0.0152
-0.016	-0.0148
-0.012	-0.0148
-0.008	-0.0148
-0.004	-0.0152
0.	-0.0152
0.004	-0.0152
0.008	-0.0156
0.012	-0.0152
0.016	-0.0148
0.02	-0.0152
0.024	-0.0144
0.028	-0.0152
0.032	-0.0152
0.036	-0.0148
0.04	-0.0152
0.044	-0.0148
0.048	-0.0152
0.052	-0.0148
0.056	-0.0152
0.06	-0.0156
0.064	-0.0152
0.068	-0.0152
0.072	-0.0152
0.076	-0.0144
0.08	-0.0152
0.084	-0.0152
0.088	-0.0156
0.092	-0.0148
0.096	-0.0148
0.1	-0.016
0.104	-0.0152
0.108	-0.0156
0.112	-0.0156
0.116	-0.0156
0.12	-0.0156
0.124	-0.0152
0.128	-0.0156
0.132	-0.0156
0.136	-0.0152
0.14	-0.0164
0.144	-0.0152
0.148	-0.0156
0.152	-0.0156
0.156	-0.0156
0.16	-0.0156
0.164	-0.0152
0.168	-0.016
0.172	-0.0152
0.176	-0.0152
0.18	-0.0156
0.184	-0.0156
0.188	-0.016
0.192	-0.0152
0.196	-0.0156
0.2	-0.016
0.204	-0.016
0.208	-0.0156
0.212	-0.0156
0.216	-0.0156
0.22	-0.0156
0.224	-0.0156
0.228	-0.0156
0.232	-0.0156
0.236	-0.0156
0.24	-0.016
0.244	-0.0156
0.248	-0.016
0.252	-0.0156
0.256	-0.0156
0.26	-0.016
0.264	-0.016
0.268	-0.016
0.272	-0.016
0.276	-0.016
0.28	-0.016
0.284	-0.016
0.288	-0.0164
0.292	-0.016
0.296	-0.016
0.3	-0.016
0.304	-0.016
0.308	-0.0164
0.312	-0.0156
0.316	-0.016
0.32	-0.0164
0.324	-0.016
0.328	-0.0164
0.332	-0.016
0.336	-0.0164
0.34	-0.0164
0.344	-0.016
0.348	-0.0168
0.352	-0.0156
0.356	-0.0164
0.36	-0.016
0.364	-0.0164
0.368	-0.0164
0.372	-0.0164
0.376	-0.016
0.38	-0.0164
0.384	-0.0164
0.388	-0.0168
0.392	-0.0164
0.396	-0.0164
0.4	-0.0164
0.404	-0.016
0.408	-0.0164
0.412	-0.016
0.416	-0.016
0.42	-0.0168
0.424	-0.0164
0.428	-0.016
0.432	-0.0164
0.436	-0.016
0.44	-0.0172
0.444	-0.016
0.448	-0.0168
0.452	-0.016
0.456	-0.016
0.46	-0.0164
0.464	-0.016
0.468	-0.0168
0.472	-0.016
0.476	-0.0164
0.48	-0.0164
0.484	-0.016
0.488	-0.0164
0.492	-0.016
0.496	-0.016
0.5	-0.0168
0.504	-0.016
0.508	-0.0164
0.512	-0.016
0.516	-0.016
0.52	-0.0168
0.524	-0.0164
0.528	-0.0164
0.532	-0.0156
0.536	-0.0164
0.54	-0.0164
0.544	-0.0156
0.548	-0.016
0.552	-0.0156
0.556	-0.016
0.56	-0.0164
0.564	-0.0164
0.568	-0.0168
0.572	-0.0156
0.576	-0.016
0.58	-0.0164
0.584	-0.016
0.588	-0.016
0.592	-0.016
0.596	-0.0164
0.6	-0.016
0.604	-0.016
0.608	-0.016
0.612	-0.0156
0.616	-0.0156
0.62	-0.0156
0.624	-0.016
0.628	-0.0156
0.632	-0.0156
0.636	-0.0156
0.64	-0.016
0.644	-0.0156
0.648	-0.0156
0.652	-0.0156
0.656	-0.0156
0.66	-0.016
0.664	-0.0156
0.668	-0.0156
0.672	-0.0156
0.676	-0.0152
0.68	-0.016
0.684	-0.0156
0.688	-0.0156
0.692	-0.0156
0.696	-0.0152
0.7	-0.0156
0.704	-0.0156
0.708	-0.016
0.712	-0.0148
0.716	-0.0156
0.72	-0.016
0.724	-0.0156
0.728	-0.0156
0.732	-0.0152
0.736	-0.016
0.74	-0.0156
0.744	-0.0156
0.748	-0.016
0.752	-0.0156
0.756	-0.0152
0.76	-0.016
0.764	-0.0156
0.768	-0.016
0.772	-0.0156
0.776	-0.0156
0.78	-0.016
0.784	-0.0156
0.788	-0.0156
0.792	-0.0152
0.796	-0.0152
0.8	-0.0152
0.804	-0.016
0.808	-0.0156
0.812	-0.0156
0.816	-0.0152
0.82	-0.0156
0.824	-0.0156
0.828	-0.016
0.832	-0.0152
0.836	-0.0156
0.84	-0.0156
0.844	-0.0152
0.848	-0.0156
0.852	-0.0152
0.856	-0.0156
0.86	-0.016
0.864	-0.016
0.868	-0.0156
0.872	-0.016
0.876	-0.0156
0.88	-0.0148
0.884	-0.0152
0.888	-0.016
0.892	-0.0156
0.896	-0.0156
0.9	-0.0156
0.904	-0.0156
0.908	-0.0156
0.912	-0.0152
0.916	-0.016
0.92	-0.016
0.924	-0.0156
0.928	-0.016
0.932	-0.0156
0.936	-0.0156
0.94	-0.016
0.944	-0.0152
0.948	-0.016
0.952	-0.016
0.956	-0.0156
0.96	-0.016
0.964	-0.0156
0.968	-0.016
0.972	-0.0156
0.976	-0.0156
0.98	-0.016
0.984	-0.0156
0.988	-0.016
0.992	-0.0156
0.996	-0.0152
1.	-0.016
1.004	-0.0156
1.008	-0.016
1.012	-0.0156
1.016	-0.0156
1.02	-0.016
1.024	-0.0156
1.028	-0.0164
1.032	-0.016
1.036	-0.0156
1.04	-0.0164
1.044	-0.016
1.048	-0.016
1.052	-0.016
1.056	-0.0156
1.06	-0.0164
1.064	-0.0164
1.068	-0.0168
1.072	-0.0156
1.076	-0.0164
1.08	-0.016
1.084	-0.016
1.088	-0.0164
1.092	-0.0164
1.096	-0.0164
1.1	-0.0164
1.104	-0.0164
1.108	-0.0164
1.112	-0.016
1.116	-0.0164
1.12	-0.0168
1.124	-0.016
1.128	-0.0168
1.132	-0.0164
1.136	-0.0164
1.14	-0.0168
1.144	-0.016
1.148	-0.0168
1.152	-0.0164
1.156	-0.0168
1.16	-0.0168
1.164	-0.0164
1.168	-0.0172
1.172	-0.0164
1.176	-0.016
1.18	-0.0164
1.184	-0.0164
1.188	-0.0164
1.192	-0.0168
1.196	-0.0164
1.2	-0.0168
1.204	-0.0172
1.208	-0.0172
1.212	-0.0172
1.216	-0.0168
1.22	-0.0172
1.224	-0.0168
1.228	-0.0168
1.232	-0.0172
1.236	-0.0164
1.24	-0.0168
1.244	-0.0164
1.248	-0.0172
1.252	-0.0168
1.256	-0.0172
1.26	-0.0172
1.264	-0.0168
1.268	-0.0172
1.272	-0.0172
1.276	-0.0168
1.28	-0.0176
1.284	-0.0168
1.288	-0.0176
1.292	-0.0172
1.296	-0.0176
1.3	-0.0172
1.304	-0.0168
1.308	-0.0176
1.312	-0.0172
1.316	-0.0168
1.32	-0.0172
1.324	-0.0176
1.328	-0.0176
1.332	-0.0168
1.336	-0.0176
1.34	-0.0176
1.344	-0.0172
1.348	-0.0172
1.352	-0.0172
1.356	-0.0168
1.36	-0.0176
1.364	-0.0176
1.368	-0.018
1.372	-0.0176
1.376	-0.0172
1.38	-0.0168
1.384	-0.0172
1.388	-0.0176
1.392	-0.0176
1.396	-0.0168
1.4	-0.018
1.404	-0.0172
1.408	-0.0176
1.412	-0.0168
1.416	-0.016
1.42	-0.0172
1.424	-0.0176
1.428	-0.0172
1.432	-0.0172
1.436	-0.0176
1.44	-0.0176
1.444	-0.0176
1.448	-0.0176
1.452	-0.0164
1.456	-0.0168
1.46	-0.0172
1.464	-0.0172
1.468	-0.0172
1.472	-0.0168
1.476	-0.0172
1.48	-0.0172
1.484	-0.0168
1.488	-0.0168
1.492	-0.0172
1.496	-0.0164
1.5	-0.0172
1.504	-0.0168
1.508	-0.0172
1.512	-0.0164
1.516	-0.0168
1.52	-0.0168
1.524	-0.0164
1.528	-0.0172
1.532	-0.0164
1.536	-0.0164
1.54	-0.0168
1.544	-0.016
1.548	-0.0168
1.552	-0.016
1.556	-0.0168
1.56	-0.0172
1.564	-0.0164
1.568	-0.0164
1.572	-0.0164
1.576	-0.0168
1.58	-0.0164
1.584	-0.0164
1.588	-0.0168
1.592	-0.016
1.596	-0.016
1.6	-0.0164
1.604	-0.0168
1.608	-0.0164
1.612	-0.0156
1.616	-0.016
1.62	-0.0164
1.624	-0.0164
1.628	-0.0168
1.632	-0.016
1.636	-0.0164
1.64	-0.0172
1.644	-0.016
1.648	-0.0164
1.652	-0.0164
1.656	-0.016
1.66	-0.0168
1.664	-0.016
1.668	-0.016
1.672	-0.016
1.676	-0.016
1.68	-0.0164
1.684	-0.016
1.688	-0.0168
1.692	-0.0156
1.696	-0.016
1.7	-0.0164
1.704	-0.016
1.708	-0.0168
1.712	-0.016
1.716	-0.0156
1.72	-0.0164
1.724	-0.0164
1.728	-0.016
1.732	-0.016
1.736	-0.016
1.74	-0.0164
1.744	-0.0164
1.748	-0.016
1.752	-0.016
1.756	-0.016
1.76	-0.016
1.764	-0.016
1.768	-0.016
1.772	-0.016
1.776	-0.0164
1.78	-0.0168
1.784	-0.0164
1.788	-0.0164
1.792	-0.0164
1.796	-0.016
1.8	-0.016
1.804	-0.0164
1.808	-0.016
1.812	-0.016
1.816	-0.016
1.82	-0.0164
1.824	-0.0164
1.828	-0.0164
1.832	-0.0156
1.836	-0.0156
1.84	-0.016
1.844	-0.016
1.848	-0.016
1.852	-0.016
1.856	-0.016
1.86	-0.0164
1.864	-0.0164
1.868	-0.0164
1.872	-0.0164
1.876	-0.0164
1.88	-0.0164
1.884	-0.0164
1.888	-0.0164
1.892	-0.016
1.896	-0.0164
1.9	-0.0168
1.904	-0.016
1.908	-0.0168
1.912	-0.0164
1.916	-0.0168
1.92	-0.0168
1.924	-0.016
1.928	-0.0164
1.932	-0.0164
1.936	-0.0164
1.94	-0.0168
1.944	-0.0164
1.948	-0.0164
1.952	-0.0164
1.956	-0.016
1.96	-0.0168
1.964	-0.0164
1.968	-0.0172
1.972	-0.0164
1.976	-0.0168
1.98	-0.0164
1.984	-0.0168
1.988	-0.0164
1.992	-0.0168
1.996	-0.016
2.	-0.0172
2.004	-0.0164
2.008	-0.0176
2.012	-0.0168
2.016	-0.0164
2.02	-0.0172
2.024	-0.0164
2.028	-0.0172
2.032	-0.0168
2.036	-0.0164
2.04	-0.0168
2.044	-0.0168
2.048	-0.0176
2.052	-0.0172
2.056	-0.0164
2.06	-0.0172
2.064	-0.0164
2.068	-0.0168
2.072	-0.0168
2.076	-0.0172
2.08	-0.0168
2.084	-0.0172
2.088	-0.0176
2.092	-0.0172
2.096	-0.0172
2.1	-0.0172
2.104	-0.0172
2.108	-0.0176
2.112	-0.0176
2.116	-0.0168
2.12	-0.0176
2.124	-0.0172
2.128	-0.0176
2.132	-0.0176
2.136	-0.0172
2.14	-0.0172
2.144	-0.0176
2.148	-0.0176
2.152	-0.0176
2.156	-0.018
2.16	-0.018
2.164	-0.0176
2.168	-0.0184
2.172	-0.018
2.176	-0.0176
2.18	-0.018
2.184	-0.0176
2.188	-0.0184
2.192	-0.0184
2.196	-0.0184
2.2	-0.018
2.204	-0.018
2.208	-0.0188
2.212	-0.0184
2.216	-0.0184
2.22	-0.0184
2.224	-0.018
2.228	-0.0188
2.232	-0.018
2.236	-0.0184
2.24	-0.0184
2.244	-0.0188
2.248	-0.0188
2.252	-0.0188
2.256	-0.0188
2.26	-0.0188
2.264	-0.0188
2.268	-0.0192
2.272	-0.0188
2.276	-0.0188
2.28	-0.0188
2.284	-0.0188
2.288	-0.0192
2.292	-0.0184
2.296	-0.0188
2.3	-0.0184
2.304	-0.0188
2.308	-0.0192
2.312	-0.0188
2.316	-0.0188
2.32	-0.0188
2.324	-0.0188
2.328	-0.0188
2.332	-0.0184
2.336	-0.0188
2.34	-0.0192
2.344	-0.0188
2.348	-0.0196
2.352	-0.0184
2.356	-0.0184
2.36	-0.0192
2.364	-0.0188
2.368	-0.0192
2.372	-0.0184
2.376	-0.0188
2.38	-0.0192
2.384	-0.0188
2.388	-0.0192
2.392	-0.018
2.396	-0.0188
2.4	-0.0196
2.404	-0.0188
2.408	-0.0188
2.412	-0.0188
2.416	-0.0184
2.42	-0.0188
2.424	-0.0188
2.428	-0.0192
2.432	-0.018
2.436	-0.018
2.44	-0.0192
2.444	-0.0184
2.448	-0.0184
2.452	-0.018
2.456	-0.0176
2.46	-0.0192
2.464	-0.0188
2.468	-0.0184
2.472	-0.018
2.476	-0.0176
2.48	-0.0188
2.484	-0.0184
2.488	-0.0184
2.492	-0.018
2.496	-0.0184
2.5	-0.0184
2.504	-0.0176
2.508	-0.0176
2.512	-0.0176
2.516	-0.0176
2.52	-0.0184
2.524	-0.018
2.528	-0.018
2.532	-0.0172
2.536	-0.0176
2.54	-0.0172
2.544	-0.0184
2.548	-0.0184
2.552	-0.0172
2.556	-0.0172
2.56	-0.018
2.564	-0.0176
2.568	-0.018
2.572	-0.0172
2.576	-0.0172
2.58	-0.018
2.584	-0.0172
2.588	-0.0172
2.592	-0.0172
2.596	-0.0168
2.6	-0.018
2.604	-0.0172
2.608	-0.0172
2.612	-0.0168
2.616	-0.0168
2.62	-0.0176
2.624	-0.0172
2.628	-0.0172
2.632	-0.0168
2.636	-0.0172
2.64	-0.0168
2.644	-0.0172
2.648	-0.0176
2.652	-0.0168
2.656	-0.0172
2.66	-0.0172
2.664	-0.0172
2.668	-0.0172
2.672	-0.0172
2.676	-0.0164
2.68	-0.0172
2.684	-0.0172
2.688	-0.0172
2.692	-0.0168
2.696	-0.0168
2.7	-0.0172
2.704	-0.0172
2.708	-0.0176
2.712	-0.0172
2.716	-0.0172
2.72	-0.0176
2.724	-0.0172
2.728	-0.0172
2.732	-0.0168
2.736	-0.0168
2.74	-0.0172
2.744	-0.0176
2.748	-0.0176
2.752	-0.0172
2.756	-0.0172
2.76	-0.0172
2.764	-0.0176
2.768	-0.0176
2.772	-0.0172
2.776	-0.0168
2.78	-0.0176
2.784	-0.0176
2.788	-0.0172
2.792	-0.0168
2.796	-0.0172
2.8	-0.0172
2.804	-0.0172
2.808	-0.0172
2.812	-0.0168
2.816	-0.0172
2.82	-0.0176
2.824	-0.0172
2.828	-0.0172
2.832	-0.0172
2.836	-0.0172
2.84	-0.0172
2.844	-0.0176
2.848	-0.0172
2.852	-0.018
2.856	-0.0172
2.86	-0.0176
2.864	-0.0172
2.868	-0.0176
2.872	-0.0172
2.876	-0.0176
2.88	-0.0176
2.884	-0.0176
2.888	-0.0176
2.892	-0.0176
2.896	-0.0172
2.9	-0.018
2.904	-0.0172
2.908	-0.018
2.912	-0.0172
2.916	-0.0172
2.92	-0.018
2.924	-0.018
2.928	-0.0176
2.932	-0.0176
2.936	-0.0172
2.94	-0.018
2.944	-0.0176
2.948	-0.018
2.952	-0.0176
2.956	-0.0172
2.96	-0.0176
2.964	-0.018
2.968	-0.018
2.972	-0.0184
2.976	-0.0176
2.98	-0.018
2.984	-0.0188
2.988	-0.018
2.992	-0.018
2.996	-0.0176
3.	-0.018
3.004	-0.0176
3.008	-0.018
3.012	-0.0184
3.016	-0.0184
3.02	-0.0184
3.024	-0.0184
3.028	-0.0188
3.032	-0.0184
3.036	-0.018
3.04	-0.0184
3.044	-0.0184
3.048	-0.0188
3.052	-0.0188
3.056	-0.0184
3.06	-0.0184
3.064	-0.0184
3.068	-0.0184
3.072	-0.0188
3.076	-0.0184
3.08	-0.0188
3.084	-0.0184
3.088	-0.0192
3.092	-0.0192
3.096	-0.0188
3.1	-0.0188
3.104	-0.0188
3.108	-0.0188
3.112	-0.0188
3.116	-0.0188
3.12	-0.0192
3.124	-0.0188
3.128	-0.0196
3.132	-0.0196
3.136	-0.0188
3.14	-0.0192
3.144	-0.0192
3.148	-0.02
3.152	-0.0192
3.156	-0.0192
3.16	-0.0196
3.164	-0.0192
3.168	-0.0196
3.172	-0.0192
3.176	-0.0188
3.18	-0.0196
3.184	-0.0192
3.188	-0.0196
3.192	-0.0192
3.196	-0.0188
3.2	-0.0196
3.204	-0.0196
3.208	-0.0196
3.212	-0.0192
3.216	-0.0196
3.22	-0.0192
3.224	-0.0192
3.228	-0.0196
3.232	-0.02
3.236	-0.0192
3.24	-0.0196
3.244	-0.0196
3.248	-0.0204
3.252	-0.0196
3.256	-0.0192
3.26	-0.0196
3.264	-0.02
3.268	-0.0204
3.272	-0.0196
3.276	-0.0196
3.28	-0.02
3.284	-0.0196
3.288	-0.02
3.292	-0.0196
3.296	-0.0192
3.3	-0.0204
3.304	-0.0196
3.308	-0.0204
3.312	-0.0196
3.316	-0.02
3.32	-0.0196
3.324	-0.02
3.328	-0.0196
3.332	-0.0196
3.336	-0.0188
3.34	-0.0196
3.344	-0.0196
3.348	-0.02
3.352	-0.0188
3.356	-0.0192
3.36	-0.02
3.364	-0.0192
3.368	-0.0192
3.372	-0.0192
3.376	-0.0184
3.38	-0.0192
3.384	-0.0192
3.388	-0.0188
3.392	-0.0188
3.396	-0.0188
3.4	-0.0192
3.404	-0.0188
3.408	-0.0188
3.412	-0.0184
3.416	-0.0184
3.42	-0.0188
3.424	-0.0188
3.428	-0.0188
3.432	-0.018
3.436	-0.0184
3.44	-0.0188
3.444	-0.0184
3.448	-0.0184
3.452	-0.0176
3.456	-0.018
3.46	-0.0184
3.464	-0.0184
3.468	-0.0184
3.472	-0.0176
3.476	-0.0176
3.48	-0.018
3.484	-0.018
3.488	-0.0184
3.492	-0.0176
3.496	-0.0176
3.5	-0.018
3.504	-0.0176
3.508	-0.018
3.512	-0.0172
3.516	-0.0172
3.52	-0.018
3.524	-0.0176
3.528	-0.0176
3.532	-0.0176
3.536	-0.0172
3.54	-0.0176
3.544	-0.0172
3.548	-0.0172
3.552	-0.0172
3.556	-0.0168
3.56	-0.018
3.564	-0.0172
3.568	-0.0172
3.572	-0.0168
3.576	-0.0164
3.58	-0.0176
3.584	-0.0172
3.588	-0.018
3.592	-0.0168
3.596	-0.0172
3.6	-0.0176
3.604	-0.0172
3.608	-0.0176
3.612	-0.0168
3.616	-0.0168
3.62	-0.0172
3.624	-0.0172
3.628	-0.0168
3.632	-0.0168
3.636	-0.0172
3.64	-0.0176
3.644	-0.0168
3.648	-0.0168
3.652	-0.0168
3.656	-0.0164
3.66	-0.0168
3.664	-0.0168
3.668	-0.0168
3.672	-0.0168
3.676	-0.016
3.68	-0.0168
3.684	-0.0172
3.688	-0.0168
3.692	-0.0164
3.696	-0.0168
3.7	-0.0168
3.704	-0.0168
3.708	-0.0168
3.712	-0.016
3.716	-0.0164
3.72	-0.0168
3.724	-0.0168
3.728	-0.0168
3.732	-0.0164
3.736	-0.016
3.74	-0.0172
3.744	-0.0164
3.748	-0.0168
3.752	-0.0172
3.756	-0.0164
3.76	-0.0176
3.764	-0.0168
3.768	-0.0172
3.772	-0.0164
3.776	-0.0164
3.78	-0.0172
3.784	-0.0172
3.788	-0.0172
3.792	-0.0164
3.796	-0.0168
3.8	-0.0172
3.804	-0.0172
3.808	-0.0168
3.812	-0.0168
3.816	-0.0168
3.82	-0.0172
3.824	-0.0172
3.828	-0.0172
3.832	-0.0168
3.836	-0.0164
3.84	-0.0172
3.844	-0.0168
3.848	-0.0168
3.852	-0.0172
3.856	-0.0164
3.86	-0.0176
3.864	-0.0164
3.868	-0.0168
3.872	-0.0168
3.876	-0.0164
3.88	-0.0164
3.884	-0.0164
3.888	-0.0172
3.892	-0.0164
3.896	-0.0168
3.9	-0.0168
3.904	-0.0164
3.908	-0.0172
3.912	-0.0168
3.916	-0.0168
3.92	-0.0172
3.924	-0.0168
3.928	-0.0168
3.932	-0.0172
3.936	-0.0164
3.94	-0.0172
3.944	-0.0168
3.948	-0.0168
3.952	-0.0172
3.956	-0.0164
3.96	-0.0168
3.964	-0.0172
3.968	-0.0168
3.972	-0.0172
3.976	-0.0168
3.98	-0.0172
3.984	-0.0172
3.988	-0.0172
3.992	-0.0172
3.996	-0.0164
4.	-0.0172
4.004	-0.0168
4.008	-0.0168
4.012	-0.0164
4.016	-0.0168
4.02	-0.0172
4.024	-0.0168
4.028	-0.0168
4.032	-0.0164
4.036	-0.0168
4.04	-0.0168
4.044	-0.0168
4.048	-0.0168
4.052	-0.0164
4.056	-0.0168
4.06	-0.0168
4.064	-0.0164
4.068	-0.0164
4.072	-0.0168
4.076	-0.0168
4.08	-0.0168
4.084	-0.0164
4.088	-0.0164
4.092	-0.0164
4.096	-0.0164
4.1	-0.0168
4.104	-0.0164
4.108	-0.0168
4.112	-0.0164
4.116	-0.016
4.12	-0.0164
4.124	-0.0164
4.128	-0.0168
4.132	-0.0164
4.136	-0.016
4.14	-0.0164
4.144	-0.0164
4.148	-0.016
4.152	-0.016
4.156	-0.0156
4.16	-0.016
4.164	-0.0164
4.168	-0.016
4.172	-0.0164
4.176	-0.016
4.18	-0.016
4.184	-0.0164
4.188	-0.0168
4.192	-0.0164
4.196	-0.016
4.2	-0.0164
4.204	-0.016
4.208	-0.016
4.212	-0.0164
4.216	-0.0164
4.22	-0.0156
4.224	-0.0164
4.228	-0.016
4.232	-0.016
4.236	-0.0164
4.24	-0.016
4.244	-0.0164
4.248	-0.016
4.252	-0.0156
4.256	-0.016
4.26	-0.0164
4.264	-0.016
4.268	-0.0164
4.272	-0.0164
4.276	-0.0164
4.28	-0.016
4.284	-0.0164
4.288	-0.016
4.292	-0.0156
4.296	-0.016
4.3	-0.016
4.304	-0.016
4.308	-0.016
4.312	-0.016
4.316	-0.0156
4.32	-0.016
4.324	-0.016
4.328	-0.016
4.332	-0.0164
4.336	-0.016
4.34	-0.016
4.344	-0.0164
4.348	-0.0164
4.352	-0.016
4.356	-0.016
4.36	-0.0164
4.364	-0.016
4.368	-0.016
4.372	-0.016
4.376	-0.016
4.38	-0.016
4.384	-0.0164
4.388	-0.016
4.392	-0.016
4.396	-0.0152
4.4	-0.016
4.404	-0.0164
4.408	-0.0164
4.412	-0.016
4.416	-0.016
4.42	-0.016
4.424	-0.016
4.428	-0.0164
4.432	-0.0156
4.436	-0.0156
4.44	-0.0168
4.444	-0.0164
4.448	-0.0164
4.452	-0.0164
4.456	-0.0156
4.46	-0.0164
4.464	-0.016
4.468	-0.0164
4.472	-0.016
4.476	-0.016
4.48	-0.0164
4.484	-0.0164
4.488	-0.0164
4.492	-0.016
4.496	-0.016
4.5	-0.0164
4.504	-0.0164
4.508	-0.0164
4.512	-0.0164
4.516	-0.016
4.52	-0.016
4.524	-0.016
4.528	-0.016
4.532	-0.0164
4.536	-0.016
4.54	-0.016
4.544	-0.0164
4.548	-0.016
4.552	-0.0164
4.556	-0.016
4.56	-0.016
4.564	-0.016
4.568	-0.0164
4.572	-0.0164
4.576	-0.016
4.58	-0.016
4.584	-0.016
4.588	-0.0164
4.592	-0.016
4.596	-0.016
4.6	-0.0172
4.604	-0.016
4.608	-0.016
4.612	-0.0156
4.616	-0.0156
4.62	-0.0164
4.624	-0.0164
4.628	-0.0164
4.632	-0.016
4.636	-0.0156
4.64	-0.0164
4.644	-0.0156
4.648	-0.0164
4.652	-0.016
4.656	-0.0156
4.66	-0.0156
4.664	-0.0156
4.668	-0.0164
4.672	-0.016
4.676	-0.016
4.68	-0.016
4.684	-0.016
4.688	-0.0164
4.692	-0.0156
4.696	-0.016
4.7	-0.016
4.704	-0.016
4.708	-0.0164
4.712	-0.0164
4.716	-0.016
4.72	-0.016
4.724	-0.016
4.728	-0.016
4.732	-0.016
4.736	-0.0156
4.74	-0.016
4.744	-0.016
4.748	-0.0164
4.752	-0.0164
4.756	-0.0156
4.76	-0.0164
4.764	-0.016
4.768	-0.016
4.772	-0.016
4.776	-0.0156
4.78	-0.0164
4.784	-0.016
4.788	-0.0164
4.792	-0.0156
4.796	-0.016
4.8	-0.016
4.804	-0.0156
4.808	-0.016
4.812	-0.016
4.816	-0.016
4.82	-0.016
4.824	-0.016
4.828	-0.0164
4.832	-0.016
4.836	-0.016
4.84	-0.0164
4.844	-0.016
4.848	-0.0164
4.852	-0.016
4.856	-0.0156
4.86	-0.016
4.864	-0.016
4.868	-0.016
4.872	-0.016
4.876	-0.016
4.88	-0.0164
4.884	-0.0156
4.888	-0.016
4.892	-0.016
4.896	-0.016
4.9	-0.016
4.904	-0.016
4.908	-0.0164
4.912	-0.016
4.916	-0.0156
4.92	-0.016
4.924	-0.0156
4.928	-0.016
4.932	-0.0156
4.936	-0.0152
4.94	-0.0164
4.944	-0.016
4.948	-0.0164
4.952	-0.0156
4.956	-0.016
4.96	-0.016
4.964	-0.016
4.968	-0.016
4.972	-0.016
4.976	-0.0156
4.98	-0.0164
4.984	-0.016
4.988	-0.0164
4.992	-0.0156
4.996	-0.0156
5.	-0.016
5.004	-0.0156
5.008	-0.016
5.012	-0.0156
5.016	-0.0156
5.02	-0.016
5.024	-0.016
5.028	-0.016
5.032	-0.0156
5.036	-0.0156
5.04	-0.0156
5.044	-0.016
5.048	-0.016
5.052	-0.016
5.056	-0.0156
5.06	-0.0156
5.064	-0.0156
5.068	-0.0164
5.072	-0.0156
5.076	-0.0156
5.08	-0.016
5.084	-0.016
5.088	-0.0164
5.092	-0.016
5.096	-0.016
5.1	-0.016
5.104	-0.0156
5.108	-0.0164
5.112	-0.016
5.116	-0.0156
5.12	-0.016
5.124	-0.016
5.128	-0.0164
5.132	-0.0156
5.136	-0.016
5.14	-0.016
5.144	-0.016
5.148	-0.0164
5.152	-0.016
5.156	-0.0156
5.16	-0.0168
5.164	-0.0156
5.168	-0.0164
5.172	-0.0164
5.176	-0.0156
5.18	-0.0164
5.184	-0.016
5.188	-0.016
5.192	-0.0156
5.196	-0.0152
5.2	-0.016
5.204	-0.016
5.208	-0.016
5.212	-0.0156
5.216	-0.016
5.22	-0.0156
5.224	-0.0164
5.228	-0.016
5.232	-0.016
5.236	-0.016
5.24	-0.0164
5.244	-0.016
5.248	-0.0168
5.252	-0.0156
5.256	-0.0164
5.26	-0.016
5.264	-0.0164
5.268	-0.016
5.272	-0.016
5.276	-0.016
5.28	-0.0168
5.284	-0.016
5.288	-0.016
5.292	-0.016
5.296	-0.0156
5.3	-0.0164
5.304	-0.016
5.308	-0.0164
5.312	-0.0156
5.316	-0.0156
5.32	-0.0164
5.324	-0.016
5.328	-0.0164
5.332	-0.016
5.336	-0.016
5.34	-0.0168
5.344	-0.0168
5.348	-0.016
5.352	-0.016
5.356	-0.0156
5.36	-0.0168
5.364	-0.016
5.368	-0.016
5.372	-0.016
5.376	-0.0156
5.38	-0.0164
5.384	-0.016
5.388	-0.016
5.392	-0.016
5.396	-0.0156
5.4	-0.0164
5.404	-0.016
5.408	-0.0164
5.412	-0.0156
5.416	-0.0156
5.42	-0.0164
5.424	-0.0164
5.428	-0.0164
5.432	-0.016
5.436	-0.0156
5.44	-0.0168
5.444	-0.0156
5.448	-0.016
5.452	-0.016
5.456	-0.0156
5.46	-0.0164
5.464	-0.016
5.468	-0.0164
5.472	-0.0156
5.476	-0.0152
5.48	-0.016
5.484	-0.0164
5.488	-0.0164
5.492	-0.016
5.496	-0.016
5.5	-0.0164
5.504	-0.016
5.508	-0.016
5.512	-0.016
5.516	-0.0164
5.52	-0.016
5.524	-0.016
5.528	-0.0164
5.532	-0.016
5.536	-0.0156
5.54	-0.0164
5.544	-0.0164
5.548	-0.016
5.552	-0.0164
5.556	-0.016
5.56	-0.016
5.564	-0.016
5.568	-0.0164
5.572	-0.016
5.576	-0.016
5.58	-0.016
5.584	-0.016
5.588	-0.0164
5.592	-0.016
5.596	-0.0152
5.6	-0.0164
5.604	-0.016
5.608	-0.0168
5.612	-0.0168
5.616	-0.0156
5.62	-0.0164
5.624	-0.0164
5.628	-0.0164
5.632	-0.016
5.636	-0.016
5.64	-0.016
5.644	-0.016
5.648	-0.016
5.652	-0.0156
5.656	-0.016
5.66	-0.0164
5.664	-0.016
5.668	-0.0164
5.672	-0.016
5.676	-0.0156
5.68	-0.0168
5.684	-0.0164
5.688	-0.0156
5.692	-0.016
5.696	-0.0156
5.7	-0.016
5.704	-0.016
5.708	-0.0156
5.712	-0.016
5.716	-0.016
5.72	-0.016
5.724	-0.016
5.728	-0.016
5.732	-0.016
5.736	-0.0156
5.74	-0.0164
5.744	-0.0156
5.748	-0.016
5.752	-0.0156
5.756	-0.0156
5.76	-0.0164
5.764	-0.016
5.768	-0.0164
5.772	-0.016
5.776	-0.0156
5.78	-0.016
5.784	-0.0156
5.788	-0.0164
5.792	-0.0156
5.796	-0.0156
5.8	-0.016
5.804	-0.016
5.808	-0.016
5.812	-0.016
5.816	-0.0164
5.82	-0.0164
5.824	-0.0156
5.828	-0.0164
5.832	-0.0152
5.836	-0.016
5.84	-0.016
5.844	-0.016
5.848	-0.0164
5.852	-0.016
5.856	-0.0156
5.86	-0.0156
5.864	-0.0156
5.868	-0.016
5.872	-0.016
5.876	-0.0156
5.88	-0.0164
5.884	-0.0156
5.888	-0.016
5.892	-0.016
5.896	-0.0156
5.9	-0.016
5.904	-0.016
5.908	-0.016
5.912	-0.016
5.916	-0.0156
5.92	-0.016
5.924	-0.016
5.928	-0.0164
5.932	-0.016
5.936	-0.0156
5.94	-0.016
5.944	-0.016
5.948	-0.016
5.952	-0.0156
5.956	-0.016
5.96	-0.0168
5.964	-0.0156
5.968	-0.016
5.972	-0.016
5.976	-0.0156
5.98	-0.016
5.984	-0.016
5.988	-0.0164
5.992	-0.0152
5.996	-0.0156
6.	-0.016
6.004	-0.016
6.008	-0.0164
6.012	-0.016
6.016	-0.016
6.02	-0.016
6.024	-0.016
6.028	-0.016
6.032	-0.0156
6.036	-0.0152
6.04	-0.0164
6.044	-0.016
6.048	-0.0164
6.052	-0.0156
6.056	-0.0156
6.06	-0.016
6.064	-0.016
6.068	-0.016
6.072	-0.0156
6.076	-0.0156
6.08	-0.0164
6.084	-0.016
6.088	-0.0156
6.092	-0.0156
6.096	-0.0156
6.1	-0.016
6.104	-0.0156
6.108	-0.016
6.112	-0.0156
6.116	-0.016
6.12	-0.0164
6.124	-0.016
6.128	-0.016
6.132	-0.016
6.136	-0.016
6.14	-0.016
6.144	-0.0164
6.148	-0.0164
6.152	-0.016
6.156	-0.016
6.16	-0.016
6.164	-0.0156
6.168	-0.016
6.172	-0.0156
6.176	-0.016
6.18	-0.016
6.184	-0.0164
6.188	-0.016
6.192	-0.0164
6.196	-0.0156
6.2	-0.0164
6.204	-0.016
6.208	-0.0164
6.212	-0.016
6.216	-0.016
6.22	-0.0164
6.224	-0.0168
6.228	-0.0164
6.232	-0.0164
6.236	-0.016
6.24	-0.0164
6.244	-0.0164
6.248	-0.016
6.252	-0.0156
6.256	-0.0156
6.26	-0.0164
6.264	-0.0164
6.268	-0.0168
6.272	-0.016
6.276	-0.0156
6.28	-0.0164
6.284	-0.0164
6.288	-0.016
6.292	-0.016
6.296	-0.016
6.3	-0.016
6.304	-0.0164
6.308	-0.0164
6.312	-0.016
6.316	-0.0156
6.32	-0.0168
6.324	-0.016
6.328	-0.0164
6.332	-0.016
6.336	-0.0164
6.34	-0.0168
6.344	-0.0164
6.348	-0.0168
6.352	-0.016
6.356	-0.0164
6.36	-0.0164
6.364	-0.016
6.368	-0.0164
6.372	-0.016
6.376	-0.016
6.38	-0.0164
6.384	-0.0168
6.388	-0.0168
6.392	-0.0164
6.396	-0.016
6.4	-0.0172
6.404	-0.016
6.408	-0.0164
6.412	-0.0164
6.416	-0.0164
6.42	-0.0164
6.424	-0.0164
6.428	-0.0168
6.432	-0.016
6.436	-0.0164
6.44	-0.0168
6.444	-0.016
6.448	-0.0164
6.452	-0.016
6.456	-0.0164
6.46	-0.0164
6.464	-0.016
6.468	-0.0168
6.472	-0.016
6.476	-0.016
6.48	-0.0164
6.484	-0.0172
6.488	-0.0168
6.492	-0.0164
6.496	-0.016
6.5	-0.0168
6.504	-0.0164
6.508	-0.0164
6.512	-0.016
6.516	-0.0164
6.52	-0.0168
6.524	-0.0164
6.528	-0.0168
6.532	-0.0168
6.536	-0.0164
6.54	-0.0164
6.544	-0.0164
6.548	-0.0168
6.552	-0.0168
6.556	-0.0164
6.56	-0.0168
6.564	-0.0168
6.568	-0.0168
6.572	-0.0164
6.576	-0.016
6.58	-0.0164
6.584	-0.0168
6.588	-0.0172
6.592	-0.0164
6.596	-0.0164
6.6	-0.0168
6.604	-0.0168
6.608	-0.0172
6.612	-0.016
6.616	-0.016
6.62	-0.0164
6.624	-0.0168
6.628	-0.0164
6.632	-0.0164
6.636	-0.0164
6.64	-0.0168
6.644	-0.0168
6.648	-0.0168
6.652	-0.016
6.656	-0.0164
6.66	-0.0164
6.664	-0.0168
6.668	-0.0168
6.672	-0.0168
6.676	-0.0164
6.68	-0.0168
6.684	-0.0168
6.688	-0.0168
6.692	-0.0172
6.696	-0.0164
6.7	-0.0168
6.704	-0.0168
6.708	-0.0172
6.712	-0.0168
6.716	-0.0168
6.72	-0.0168
6.724	-0.0168
6.728	-0.0168
6.732	-0.0168
6.736	-0.016
6.74	-0.0168
6.744	-0.0164
6.748	-0.0172
6.752	-0.0164
6.756	-0.0168
6.76	-0.0172
6.764	-0.0168
6.768	-0.0164
6.772	-0.0168
6.776	-0.0164
6.78	-0.0168
6.784	-0.0168
6.788	-0.0164
6.792	-0.0164
6.796	-0.0164
6.8	-0.0168
6.804	-0.0168
6.808	-0.0168
6.812	-0.0168
6.816	-0.0164
6.82	-0.0168
6.824	-0.0168
6.828	-0.0172
6.832	-0.0164
6.836	-0.0164
6.84	-0.0168
6.844	-0.0168
6.848	-0.0168
6.852	-0.0168
6.856	-0.0164
6.86	-0.0168
6.864	-0.0168
6.868	-0.0168
6.872	-0.0168
6.876	-0.0168
6.88	-0.0168
6.884	-0.0164
6.888	-0.0168
6.892	-0.0172
6.896	-0.0164
6.9	-0.0168
6.904	-0.0172
6.908	-0.0164
6.912	-0.0164
6.916	-0.0168
6.92	-0.0168
6.924	-0.0164
6.928	-0.0168
6.932	-0.0168
6.936	-0.0164
6.94	-0.0168
6.944	-0.0168
6.948	-0.0172
6.952	-0.0164
6.956	-0.0164
6.96	-0.0172
6.964	-0.0164
6.968	-0.0168
6.972	-0.016
6.976	-0.0168
6.98	-0.016
6.984	-0.0168
6.988	-0.0168
6.992	-0.0168
6.996	-0.016
7.	-0.0168
7.004	-0.0168
7.008	-0.0168
7.012	-0.0168
7.016	-0.0164
7.02	-0.0168
7.024	-0.0164
7.028	-0.0168
7.032	-0.0168
7.036	-0.0164
7.04	-0.0168
7.044	-0.0168
7.048	-0.0172
7.052	-0.0164
7.056	-0.0164
7.06	-0.0168
7.064	-0.0164
7.068	-0.0172
7.072	-0.0168
7.076	-0.0164
7.08	-0.0172
7.084	-0.0168
7.088	-0.0168
7.092	-0.0168
7.096	-0.0168
7.1	-0.0168
7.104	-0.0168
7.108	-0.0168
7.112	-0.0168
7.116	-0.0164
7.12	-0.0172
7.124	-0.0168
7.128	-0.0168
7.132	-0.0168
7.136	-0.0168
7.14	-0.0168
7.144	-0.0168
7.148	-0.0168
7.152	-0.0164
7.156	-0.0164
7.16	-0.0172
7.164	-0.0168
7.168	-0.0164
7.172	-0.0164
7.176	-0.0176
7.18	-0.0168
7.184	-0.0164
7.188	-0.0172
7.192	-0.0168
7.196	-0.0168
7.2	-0.0168
7.204	-0.0168
7.208	-0.0168
7.212	-0.0164
7.216	-0.0164
7.22	-0.0172
7.224	-0.0168
7.228	-0.0172
7.232	-0.0164
7.236	-0.0164
7.24	-0.0168
7.244	-0.0168
7.248	-0.0172
7.252	-0.0168
7.256	-0.0168
7.26	-0.0168
7.264	-0.0172
7.268	-0.0172
7.272	-0.0164
7.276	-0.0164
7.28	-0.0168
7.284	-0.0168
7.288	-0.0168
7.292	-0.0164
7.296	-0.0168
7.3	-0.0172
7.304	-0.0164
7.308	-0.0172
7.312	-0.0168
7.316	-0.0164
7.32	-0.0164
7.324	-0.0168
7.328	-0.016
7.332	-0.0164
7.336	-0.0164
7.34	-0.0168
7.344	-0.0168
7.348	-0.0168
7.352	-0.0164
7.356	-0.0156
7.36	-0.0172
7.364	-0.0164
7.368	-0.0168
7.372	-0.0164
7.376	-0.0164
7.38	-0.0168
7.384	-0.0168
7.388	-0.0164
7.392	-0.0168
7.396	-0.0168
7.4	-0.0168
7.404	-0.0168
7.408	-0.0172
7.412	-0.0168
7.416	-0.016
7.42	-0.0164
7.424	-0.0164
7.428	-0.0172
7.432	-0.0168
7.436	-0.0164
7.44	-0.0168
7.444	-0.0168
7.448	-0.0168
7.452	-0.0164
7.456	-0.0168
7.46	-0.0168
7.464	-0.0168
7.468	-0.0164
7.472	-0.016
7.476	-0.0164
7.48	-0.0168
7.484	-0.0172
7.488	-0.0168
7.492	-0.0164
7.496	-0.016
7.5	-0.0172
7.504	-0.0172
7.508	-0.0168
7.512	-0.0168
7.516	-0.0168
7.52	-0.0168
7.524	-0.0164
7.528	-0.0164
7.532	-0.0168
7.536	-0.0168
7.54	-0.0172
7.544	-0.0168
7.548	-0.0176
7.552	-0.0164
7.556	-0.0164